1 38 6
2 39 3
3 7 4
4 40 5
5 6 4
6 41 5
7 12 8
8 42 9
9 43 10
10 11 9
11 13 12
12 11 7
13 44 14
14 19 15
15 37 16
16 45 17
17 46 18
18 20 19
19 47 18
20 48 21
21 36 22
22 21 36
23 49 24
24 50 25
25 28 0
26 51 27
27 52 26
28 29 25
29 28 0
30 31 29
31 32 30
32 33 -61 -60
33 32 -31 -34
34 35 32
35 34 29
36 21 22
37 66 15
38 1 6
39 2 3
40 4 5
41 6 5
42 8 9
43 9 10
44 13 14
45 16 17
46 17 18
47 19 18
48 20 21
49 23 24
50 24 25
51 26 27
52 27 26
53 28 54
54 28 53
55 30 56
56 30 55
57 31 58
58 31 57
59 33 32
60 33 32
61 33 32
62 34 63
63 34 62
64 35 65
65 35 64
66 37 15
67 37 68
68 37 67

A
1 1.75
2 1.75
3 1.75
4 1.75
6 1.75
7 1.75
8 1.75
9 1.75
11 1.75
14 1.75
15 1.75
16 1.75
17 1.75
18 1.75
19 1.75
22 1.75
23 1.75
24 1.75
25 1.75
26 1.75
27 1.75
38 0.696
39 0.696
40 0.696
41 0.696
42 0.696
43 0.696
45 0.696
46 0.696
47 0.696
49 0.696
50 0.696
51 0.696
52 0.696

3 7
22 21

N
N
