    9.2065    0.1461    0.8065    0.8530    0.6609
   37.2065    0.0514    0.2867    0.3040    0.2354
   61.2065    0.0000    0.0000    0.0000    0.0000
   89.2065    0.0669    0.3722    0.3924    0.3055
  117.2065    0.1514    0.8364    0.8894    0.6856
  145.2065    0.1002    0.5809    0.6680    0.4811
  173.2065    0.0054    0.0824    0.1903    0.0771
  201.2065    0.0402    0.2396    0.3540    0.1995
  229.2065    0.1481    0.7670    0.8723    0.6194
  257.2065    0.1366    0.7103    0.8140    0.5742
  285.2065    0.0264    0.1723    0.2860    0.1460
  313.2065    0.0134    0.1260    0.2340    0.1127
  341.2065    0.1151    0.6574    0.7384    0.5427
