    0.0079060606
    0.0079106405
    0.0088326290
    0.0099450774
    0.0078445992
    0.0072002379
    0.0073104906
    0.0081559010
    0.0081509830
    0.0074508186
    0.0071542885
    0.0073863164
    0.0082665057
    0.0123348954
    0.0093544849
    0.0087055286
    0.0082049881
    0.0078401616
    0.0077932457
    0.0083046524
    0.0107671451
    0.0088967018
    0.0118857081
    0.0104016745
    0.0103880684
    0.0125057373
    0.0113229994
    0.0079716150
    0.0057314040
    0.0048832628
    0.0026036020
    0.0014408568
    0.0010234795
    0.0090098013
    0.0121662284
    0.0004419127
   -0.0014424958
   -0.0026443701
   -0.0031957250
   -0.0031393929
    0.0053766365
    0.0063163510
    0.0109950407
   -0.0041656009
   -0.0059447010
   -0.0071285697
   -0.0077467025
   -0.0078377690
   -0.0074536391
    0.0011142884
    0.0020753753
    0.0035057953
    0.0090814239
   -0.0063801915
   -0.0086702874
   -0.0104308622
   -0.0116670164
   -0.0124001009
   -0.0126610123
   -0.0124923593
   -0.0119547167
   -0.0111316263
   -0.0047137205
   -0.0038271427
   -0.0027170721
   -0.0012771086
    0.0005897798
    0.0070246126
    0.0062652622
   -0.0101357959
   -0.0124961573
   -0.0144009111
   -0.0158352213
   -0.0168056840
   -0.0173310004
   -0.0174404740
   -0.0171772003
   -0.0166012513
   -0.0157887526
   -0.0148240073
   -0.0137851134
   -0.0127274241
   -0.0116715459
   -0.0106003948
   -0.0094653891
   -0.0081972290
   -0.0067160371
   -0.0049393958
   -0.0027912893
    0.0045351064
    0.0033337171
    0.0026103968
   -0.0122712774
   -0.0148600783
   -0.0171044157
   -0.0189434676
   -0.0203522936
   -0.0213274026
   -0.0218790247
   -0.0220292596
   -0.0218136502
   -0.0212821814
   -0.0204964884
   -0.0195220218
   -0.0184161975
   -0.0172171685
   -0.0159367953
   -0.0145603611
   -0.0130514405
   -0.0113588742
   -0.0094243090
   -0.0071923566
   -0.0046284120
    0.0002531174
   -0.0008770825
   -0.0017175078
   -0.0024043124
   -0.0146403376
   -0.0172705576
   -0.0196884083
   -0.0217873910
   -0.0235044932
   -0.0248081800
   -0.0256878186
   -0.0261479328
   -0.0262069686
   -0.0258974911
   -0.0252649852
   -0.0243628474
   -0.0232439881
   -0.0219511487
   -0.0205095374
   -0.0189240510
   -0.0171808204
   -0.0152521583
   -0.0131043612
   -0.0107109764
   -0.0080757560
   -0.0025604644
   -0.0039952979
   -0.0052232448
   -0.0063077533
   -0.0073693269
   -0.0085561178
   -0.0100076920
   -0.0118128266
   -0.0139760063
   -0.0164118835
   -0.0189723457
   -0.0214902913
   -0.0238173497
   -0.0258422953
   -0.0274920973
   -0.0287244364
   -0.0295197663
   -0.0298769536
   -0.0298115119
   -0.0293547800
   -0.0285505246
   -0.0274485696
   -0.0260963531
   -0.0245309659
   -0.0227746653
   -0.0208345178
   -0.0187066282
   -0.0163860870
   -0.0138851068
   -0.0112612089
   -0.0062106773
   -0.0076290181
   -0.0089980303
   -0.0103189093
   -0.0116630516
   -0.0131368318
   -0.0148425326
   -0.0168380735
   -0.0191077708
   -0.0215593561
   -0.0240496089
   -0.0264228314
   -0.0285423428
   -0.0303050084
   -0.0316418556
   -0.0325131805
   -0.0329040237
   -0.0328217361
   -0.0322939552
   -0.0313643233
   -0.0300853085
   -0.0285093523
   -0.0266815136
   -0.0246362727
   -0.0224002331
   -0.0200032698
   -0.0174996643
   -0.0149966922
   -0.0126762366
   -0.0093900644
   -0.0102338674
   -0.0114072593
   -0.0127429774
   -0.0141688589
   -0.0156972914
   -0.0173892664
   -0.0193092899
   -0.0214812654
   -0.0238596254
   -0.0263295145
   -0.0287346593
   -0.0309151218
   -0.0327352868
   -0.0340956597
   -0.0349339515
   -0.0352225155
   -0.0349660722
   -0.0341980703
   -0.0329738599
   -0.0313608558
   -0.0294289316
   -0.0272451989
   -0.0248781953
   -0.0224137459
   -0.0199810036
   -0.0177722927
   -0.0160264500
   -0.0149555938
   -0.0146490856
   -0.0150351341
   -0.0159404438
   -0.0171947860
   -0.0187003127
   -0.0204368241
   -0.0224224484
   -0.0246581893
   -0.0270830195
   -0.0295616049
   -0.0319093001
   -0.0339352670
   -0.0354782950
   -0.0364251715
   -0.0367164616
   -0.0363462659
   -0.0353575526
   -0.0338316695
   -0.0318747191
   -0.0296077485
   -0.0271697109
   -0.0247359124
   -0.0225380562
   -0.0208469748
   -0.0198901815
   -0.0197493815
   -0.0203410002
   -0.0215060719
   -0.0231148390
   -0.0250959651
   -0.0273900851
   -0.0298815103
   -0.0323660603
   -0.0345791861
   -0.0362594921
   -0.0372060051
   -0.0373108987
   -0.0365708172
   -0.0350807930
   -0.0330155856
   -0.0306127083
   -0.0281733051
   -0.0260662570
   -0.0246726501
   -0.0242425331
   -0.0247915528
   -0.0261695533
   -0.0281903150
   -0.0306424308
   -0.0332062959
   -0.0354327381
   -0.0368514608
   -0.0371303526
   -0.0361912621
   -0.0342498890
   -0.0317958253
   -0.0295436415
   -0.0282775236
   -0.0284868184
   -0.0301185901
   -0.0326567305
   -0.0351133312
   -0.0361727221
   -0.0350315013
   -0.0325101428
   -0.0314248119
   -0.0338815732
   -0.0336644555
    0.0102187139
    0.0106796962
    0.0109681944
    0.0092508897
    0.0104695996
    0.0114703880
    0.0118857357
    0.0118178320
    0.0116508006
    0.0090899252
    0.0104181466
    0.0115693872
    0.0123541833
    0.0126963692
    0.0126371749
    0.0123399526
    0.0120803134
    0.0121954659
    0.0097450044
    0.0109805064
    0.0120395067
    0.0128300102
    0.0132900535
    0.0134014110
    0.0131992852
    0.0127801825
    0.0123107194
    0.0120372230
    0.0122893233
    0.0103242618
    0.0113794114
    0.0123292482
    0.0131015173
    0.0136342113
    0.0138876498
    0.0138505253
    0.0135438335
    0.0130254908
    0.0123975092
    0.0118176309
    0.0115177674
    0.0118327216
    0.0104947200
    0.0112708704
    0.0120800927
    0.0128424403
    0.0134796276
    0.0139286029
    0.0141462269
    0.0141105867
    0.0138217787
    0.0133035030
    0.0126065955
    0.0118152530
    0.0110578971
    0.0105257183
    0.0105057167
    0.0114971253
    0.0119775518
    0.0125670735
    0.0131544998
    0.0136509309
    0.0139904111
    0.0141278217
    0.0140368429
    0.0137086403
    0.0131519154
    0.0123944441
    0.0114865824
    0.0105076073
    0.0095766625
    0.0088719802
    0.0120183356
    0.0122347212
    0.0126330053
    0.0130728390
    0.0134528504
    0.0137010498
    0.0137681085
    0.0136227587
    0.0132492724
    0.0126462796
    0.0118270818
    0.0108214301
    0.0096792491
    0.0084771716
    0.0073296845
    0.0064091983
    0.0121463565
    0.0120482112
    0.0122418457
    0.0125446322
    0.0128324354
    0.0130196014
    0.0130471281
    0.0128755214
    0.0124806397
    0.0118513992
    0.0109889508
    0.0099071109
    0.0086341958
    0.0072165531
    0.0057247920
    0.0042645355
    0.0115723110
    0.0114569370
    0.0115843021
    0.0117806714
    0.0119302920
    0.0119541394
    0.0117978116
    0.0114247059
    0.0108119151
    0.0099480060
    0.0088321502
    0.0074742587
    0.0058963929
    0.0041354584
    0.0022480775
    0.0003192214
    0.0105101095
    0.0102870977
    0.0103174910
    0.0104149386
    0.0104567991
    0.0103594370
    0.0100647702
    0.0095325404
    0.0087356741
    0.0076576418
    0.0062909086
    0.0046363606
    0.0027034307
    0.0005110739
   -0.0019102277
    0.0085986139
    0.0084904846
    0.0085004618
    0.0084763547
    0.0083152205
    0.0079449830
    0.0073140657
    0.0063851550
    0.0051311904
    0.0035326220
    0.0015753099
   -0.0007513612
   -0.0034565878
    0.0061440044
    0.0060424676
    0.0059934701
    0.0058470512
    0.0054992169
    0.0048747453
    0.0039169552
    0.0025810779
    0.0008293173
   -0.0013735767
   -0.0040651474
   -0.0072914593
    0.0028792100
    0.0028256202
    0.0026458647
    0.0022139751
    0.0014356315
    0.0002357366
   -0.0014503632
   -0.0036846589
   -0.0065347631
   -0.0100844694
   -0.0011874060
   -0.0014259050
   -0.0020615886
   -0.0032053071
   -0.0049562726
   -0.0074134431
   -0.0106889436
   -0.0074983006
   -0.0093128619
    0.0120616686
    0.0116633468
    0.0124395102
    0.0129786432
    0.0127706690
    0.0118745534
    0.0108053809
    0.0103156177
    0.0107448592
    0.0115996067
    0.0123977899
    0.0130620754
    0.0135406001
    0.0137077275
    0.0134708907
    0.0128271387
    0.0118530050
    0.0106940118
    0.0096159663
    0.0090391366
    0.0092885649
    0.0101769464
    0.0111383540
    0.0118510456
    0.0123883282
    0.0128948250
    0.0133952009
    0.0138176798
    0.0140672532
    0.0140730096
    0.0138051327
    0.0132718544
    0.0125044296
    0.0115387320
    0.0104133340
    0.0092189091
    0.0115767223
    0.0119598896
    0.0121432354
    0.0123647986
    0.0127059785
    0.0131339434
    0.0135679587
    0.0139232054
    0.0141327176
    0.0141557136
    0.0139784950
    0.0136105967
    0.0130769065
    0.0124049786
    0.0116078362
    0.0106700632
    0.0095630195
    0.0121379117
    0.0118859048
    0.0118894539
    0.0121215193
    0.0125006838
    0.0129349860
    0.0133424832
    0.0136597112
    0.0138443528
    0.0138751320
    0.0137504019
    0.0134856950
    0.0131097883
    0.0126579448
    0.0121598071
    0.0116195352
    0.0109903176
    0.0119105077
    0.0111934798
    0.0109216668
    0.0109945882
    0.0112956639
    0.0117176770
    0.0121714505
    0.0125879895
    0.0129180602
    0.0131311028
    0.0132138921
    0.0131694000
    0.0130157494
    0.0127849951
    0.0125209917
    0.0122746193
    0.0120929068
    0.0119960854
    0.0097880745
    0.0094161186
    0.0094548864
    0.0097544062
    0.0101957440
    0.0106870119
    0.0111595169
    0.0115646258
    0.0118712959
    0.0120644283
    0.0121437211
    0.0121233186
    0.0120319529
    0.0119136092
    0.0118283340
    0.0118521407
    0.0120731403
    0.0075668321
    0.0072638673
    0.0073807884
    0.0077529560
    0.0082589024
    0.0088089683
    0.0093381911
    0.0098016584
    0.0101714798
    0.0104348548
    0.0105931847
    0.0106619891
    0.0106718694
    0.0106706141
    0.0107267791
    0.0109352302
    0.0114246707
    0.0045670262
    0.0044475681
    0.0047206039
    0.0052206045
    0.0058296000
    0.0064629703
    0.0070610862
    0.0075842216
    0.0080093062
    0.0083281880
    0.0085469785
    0.0086865357
    0.0087842900
    0.0088980029
    0.0091122161
    0.0095496050
    0.0103903868
    0.0009271113
    0.0014171796
    0.0020923344
    0.0028404794
    0.0035831181
    0.0042667454
    0.0048577029
    0.0053391622
    0.0057096053
    0.0059827953
    0.0061890889
    0.0063787813
    0.0066283492
    0.0070519409
    0.0078225821
   -0.0026173575
   -0.0017135338
   -0.0007843655
    0.0000983923
    0.0008881618
    0.0015585977
    0.0021008931
    0.0025229188
    0.0028500352
    0.0031280400
    0.0034290940
    0.0038630889
   -0.0063221893
   -0.0051547022
   -0.0040902930
   -0.0031672355
   -0.0024026489
   -0.0017945571
   -0.0013217638
   -0.0009414342
   -0.0005832971
   -0.0104683775
   -0.0091551219
   -0.0080556519
   -0.0071752506
   -0.0064977012
   -0.0059835664
    0.0100231585
    0.0099220662
    0.0095630025
    0.0089341545
    0.0112015102
    0.0110476878
    0.0111284970
    0.0111461532
    0.0109498415
    0.0105147981
    0.0099268269
    0.0093713781
    0.0117713565
    0.0118429481
    0.0120628588
    0.0122159857
    0.0121875533
    0.0119396953
    0.0115013117
    0.0109682340
    0.0105126043
    0.0121123433
    0.0121868249
    0.0125063328
    0.0128469429
    0.0130752879
    0.0131199870
    0.0129573503
    0.0126060361
    0.0121287034
    0.0116411958
    0.0113325055
    0.0119900733
    0.0120543762
    0.0124484939
    0.0129366396
    0.0133734074
    0.0136707742
    0.0137811035
    0.0136887003
    0.0134068077
    0.0129791415
    0.0124864989
    0.0120609109
    0.0119132040
    0.0112803014
    0.0116740350
    0.0122766463
    0.0129122306
    0.0134693523
    0.0138784894
    0.0140999823
    0.0141179038
    0.0139374987
    0.0135858044
    0.0131153194
    0.0126122688
    0.0122122676
    0.0121304237
    0.0099380411
    0.0105353171
    0.0113235609
    0.0121420371
    0.0128864282
    0.0134889176
    0.0139074509
    0.0141197984
    0.0141206108
    0.0139207171
    0.0135484332
    0.0130532917
    0.0125133631
    0.0120485079
    0.0118452284
    0.0081163044
    0.0091064577
    0.0101720026
    0.0111975352
    0.0121050893
    0.0128424244
    0.0133763067
    0.0136887308
    0.0137749427
    0.0136430392
    0.0133148909
    0.0128287570
    0.0122441583
    0.0116504048
    0.0111816593
    0.0110447540
    0.0061708587
    0.0076087123
    0.0089686586
    0.0101863719
    0.0112156271
    0.0120245745
    0.0125934026
    0.0129130013
    0.0129844811
    0.0128194817
    0.0124414711
    0.0118882145
    0.0112160402
    0.0105066171
    0.0098783977
    0.0095061756
    0.0024402345
    0.0044525061
    0.0062615237
    0.0078440529
    0.0091773731
    0.0102429219
    0.0110279613
    0.0115264665
    0.0117397693
    0.0116772411
    0.0113575128
    0.0108101047
    0.0100779786
    0.0092210713
    0.0083211301
    0.0074883486
    0.0007307981
    0.0031232798
    0.0051432870
    0.0068080548
    0.0081230537
    0.0090900870
    0.0097118202
    0.0099944960
    0.0099498133
    0.0095963336
    0.0089608074
    0.0080792755
    0.0069974710
    0.0057693114
   -0.0036105319
   -0.0004814782
    0.0020645241
    0.0041003904
    0.0056656337
    0.0067829182
    0.0074677977
    0.0077344230
    0.0075987792
    0.0070804244
    0.0062025731
    0.0049897580
    0.0034608926
   -0.0048942476
   -0.0016471382
    0.0008630364
    0.0027247637
    0.0039899472
    0.0046912306
    0.0048519303
    0.0044908554
    0.0036227503
    0.0022533891
    0.0003659781
   -0.0068425984
   -0.0035028888
   -0.0011100305
    0.0004398112
    0.0012067200
    0.0012246297
    0.0005077516
   -0.0009545177
   -0.0032181501
   -0.0070663995
   -0.0045534184
   -0.0032505442
   -0.0030925794
   -0.0040723627
   -0.0062536171
   -0.0107052419
   -0.0085768654
   -0.0084037516
    0.0078964216
    0.0078744247
    0.0083693574
    0.0090001560
    0.0078279922
    0.0074240824
    0.0074522753
    0.0078831916
    0.0079551638
    0.0074838247
    0.0072701588
    0.0073574429
    0.0077813849
    0.0086670005
    0.0081457155
    0.0077749349
    0.0075284204
    0.0074558411
    0.0076458753
    0.0091056449
    0.0079216374
    0.0080580310
    0.0086415431
    0.0081611987
    0.0064567600
    0.0050562635
    0.0043992752
    0.0023413088
    0.0018033515
    0.0016697904
    0.0000876148
   -0.0006920852
   -0.0010973058
   -0.0011449442
    0.0058822339
   -0.0020086681
   -0.0030685641
   -0.0037825887
   -0.0041595782
   -0.0042182040
    0.0032205469
    0.0040778496
   -0.0047273593
   -0.0058701485
   -0.0066970057
   -0.0072131438
   -0.0074327176
   -0.0073783489
   -0.0070822344
   -0.0007525701
   -0.0001262832
    0.0006796850
    0.0017110052
    0.0067363776
   -0.0062752755
   -0.0077181395
   -0.0088806184
   -0.0097533503
   -0.0103385244
   -0.0106468294
   -0.0106966456
   -0.0105145535
   -0.0101359327
   -0.0096044242
   -0.0050084050
   -0.0043462625
   -0.0036006748
   -0.0027252171
   -0.0016764470
   -0.0004185560
    0.0051403617
    0.0045895415
   -0.0090378526
   -0.0105058203
   -0.0117214354
   -0.0126695884
   -0.0133471835
   -0.0137599616
   -0.0139212416
   -0.0138517134
   -0.0135796886
   -0.0131403063
   -0.0125733985
   -0.0119193009
   -0.0112135918
   -0.0104817152
   -0.0097351921
   -0.0089703307
   -0.0081697128
   -0.0073055902
   -0.0063441936
   -0.0052500335
   -0.0039903700
   -0.0025405731
    0.0031089663
    0.0023931845
    0.0018898440
   -0.0092116116
   -0.0109557611
   -0.0125367272
   -0.0139061935
   -0.0150348857
   -0.0159082094
   -0.0165224271
   -0.0168823902
   -0.0170004047
   -0.0168960526
   -0.0165955593
   -0.0161303973
   -0.0155343763
   -0.0148395706
   -0.0140718709
   -0.0132473159
   -0.0123701587
   -0.0114331227
   -0.0104194948
   -0.0093063082
   -0.0080682447
   -0.0066821457
   -0.0051330668
    0.0008287835
   -0.0000061558
   -0.0006817603
   -0.0012374005
   -0.0017397299
   -0.0112794796
   -0.0130181959
   -0.0146450210
   -0.0160993561
   -0.0173392370
   -0.0183388942
   -0.0190853319
   -0.0195756625
   -0.0198154832
   -0.0198180525
   -0.0196035468
   -0.0191977572
   -0.0186296131
   -0.0179276747
   -0.0171163827
   -0.0162127886
   -0.0152246445
   -0.0141503966
   -0.0129808253
   -0.0117018850
   -0.0102987819
   -0.0087614253
   -0.0070919910
   -0.0013178475
   -0.0022549460
   -0.0030923055
   -0.0038412232
   -0.0045446662
   -0.0052666347
   -0.0060795637
   -0.0070492280
   -0.0095978466
   -0.0111562126
   -0.0128326295
   -0.0145472791
   -0.0162173109
   -0.0177688994
   -0.0191435948
   -0.0202997073
   -0.0212106223
   -0.0218623383
   -0.0222513693
   -0.0223834007
   -0.0222722342
   -0.0219384500
   -0.0214073114
   -0.0207055595
   -0.0198579719
   -0.0188842178
   -0.0177967360
   -0.0166005742
   -0.0152946963
   -0.0138751741
   -0.0123399550
   -0.0106959309
   -0.0089679021
   -0.0039007432
   -0.0048211372
   -0.0057194159
   -0.0065840834
   -0.0074385464
   -0.0083296490
   -0.0093138396
   -0.0104415437
   -0.0117418946
   -0.0132120503
   -0.0148148780
   -0.0164861070
   -0.0181475354
   -0.0197209567
   -0.0211382767
   -0.0223464864
   -0.0233084059
   -0.0240013861
   -0.0244154779
   -0.0245518695
   -0.0244215819
   -0.0240437526
   -0.0234429279
   -0.0226458240
   -0.0216777911
   -0.0205599362
   -0.0193078102
   -0.0179320727
   -0.0164413210
   -0.0148474248
   -0.0131733126
   -0.0114623348
   -0.0097864976
   -0.0065372361
   -0.0073324452
   -0.0082114388
   -0.0091298020
   -0.0100821497
   -0.0110925912
   -0.0122001113
   -0.0134415134
   -0.0148350127
   -0.0163688393
   -0.0179988873
   -0.0196560171
   -0.0212593553
   -0.0227298741
   -0.0240000868
   -0.0250185760
   -0.0257508539
   -0.0261784447
   -0.0262973881
   -0.0261166101
   -0.0256555331
   -0.0249408544
   -0.0240026456
   -0.0228706223
   -0.0215718920
   -0.0201308519
   -0.0185722341
   -0.0169272517
   -0.0152424310
   -0.0135885745
   -0.0120640782
   -0.0107859159
   -0.0093087877
   -0.0096232374
   -0.0102208327
   -0.0110095888
   -0.0119254195
   -0.0129417630
   -0.0140634803
   -0.0153110573
   -0.0167008188
   -0.0182269937
   -0.0198518407
   -0.0215072028
   -0.0231061150
   -0.0245583616
   -0.0257836806
   -0.0267196377
   -0.0273245728
   -0.0275778272
   -0.0274782759
   -0.0270418385
   -0.0262975523
   -0.0252828263
   -0.0240389826
   -0.0226089053
   -0.0210383367
   -0.0193814203
   -0.0177096753
   -0.0161195566
   -0.0147308840
   -0.0136677929
   -0.0130245566
   -0.0128335721
   -0.0130587157
   -0.0136203252
   -0.0144347217
   -0.0154436779
   -0.0166216495
   -0.0179630324
   -0.0194590402
   -0.0210758243
   -0.0227441457
   -0.0243648135
   -0.0258259517
   -0.0270226010
   -0.0278714120
   -0.0283183146
   -0.0283407799
   -0.0279462546
   -0.0271676755
   -0.0260571406
   -0.0246799823
   -0.0231126777
   -0.0214464774
   -0.0197953550
   -0.0182997566
   -0.0171131738
   -0.0163651152
   -0.0161182284
   -0.0163529763
   -0.0169954090
   -0.0179640215
   -0.0191983641
   -0.0206539693
   -0.0222747552
   -0.0239670151
   -0.0255949036
   -0.0270008619
   -0.0280375514
   -0.0285954245
   -0.0286186304
   -0.0281091395
   -0.0271222227
   -0.0257571830
   -0.0241504570
   -0.0224757395
   -0.0209440345
   -0.0197814716
   -0.0191697299
   -0.0191823591
   -0.0197786417
   -0.0208581602
   -0.0223065601
   -0.0239851123
   -0.0256945689
   -0.0271748733
   -0.0281603215
   -0.0284565363
   -0.0279975002
   -0.0268670067
   -0.0252925380
   -0.0236279054
   -0.0223100093
   -0.0217327290
   -0.0220722560
   -0.0232357723
   -0.0249223605
   -0.0266223340
   -0.0276640678
   -0.0275117230
   -0.0261839294
   -0.0245190823
   -0.0239590663
   -0.0253059903
   -0.0267006039
   -0.0258253397
    0.0089894800
    0.0091396672
    0.0093718473
    0.0084075150
    0.0089314447
    0.0094251564
    0.0096715602
    0.0097252575
    0.0097960799
    0.0082135393
    0.0088168305
    0.0093896773
    0.0098067595
    0.0100126272
    0.0100272477
    0.0099472218
    0.0099311930
    0.0101531142
    0.0083622855
    0.0089653766
    0.0095219032
    0.0099672747
    0.0102550342
    0.0103652697
    0.0103116632
    0.0101461109
    0.0099612213
    0.0098893924
    0.0100928233
    0.0084389428
    0.0089702798
    0.0094881967
    0.0099512484
    0.0103172789
    0.0105524447
    0.0106376489
    0.0105725927
    0.0103786582
    0.0101016218
    0.0098149658
    0.0096237096
    0.0096678363
    0.0087242985
    0.0091084899
    0.0095216201
    0.0099321969
    0.0103001109
    0.0105871311
    0.0107630699
    0.0108089768
    0.0107187978
    0.0105007015
    0.0101785628
    0.0097942740
    0.0094110901
    0.0091185562
    0.0090393901
    0.0093382506
    0.0093060791
    0.0095042272
    0.0097801635
    0.0100912358
    0.0103912812
    0.0106388316
    0.0108007615
    0.0108535553
    0.0107837621
    0.0105882473
    0.0102746563
    0.0098624709
    0.0093847658
    0.0088910646
    0.0084517448
    0.0081647252
    0.0081657705
    0.0097998232
    0.0098182083
    0.0099644593
    0.0101772762
    0.0104015681
    0.0105918265
    0.0107127093
    0.0107385496
    0.0106526945
    0.0104470317
    0.0101219025
    0.0096864239
    0.0091593957
    0.0085709790
    0.0079653102
    0.0074047368
    0.0069763012
    0.0068021502
    0.0101301214
    0.0099481588
    0.0099540951
    0.0100659202
    0.0102171208
    0.0103556535
    0.0104418778
    0.0104465899
    0.0103495291
    0.0101382191
    0.0098074678
    0.0093591408
    0.0088025151
    0.0081551352
    0.0074443053
    0.0067095998
    0.0060066647
    0.0054133491
    0.0050395739
    0.0100155971
    0.0097924702
    0.0097547775
    0.0098132455
    0.0099006570
    0.0099666650
    0.0099738835
    0.0098951303
    0.0097114997
    0.0094111682
    0.0089886619
    0.0084446208
    0.0077859784
    0.0070266044
    0.0061885182
    0.0053038489
    0.0044179561
    0.0035943157
    0.0098398954
    0.0094430140
    0.0092855345
    0.0092586719
    0.0092835511
    0.0093024082
    0.0092727191
    0.0091633195
    0.0089518509
    0.0086230465
    0.0081677591
    0.0075823178
    0.0068684657
    0.0060335310
    0.0050911213
    0.0040622924
    0.0029774652
    0.0018794563
    0.0092888332
    0.0087828173
    0.0085457176
    0.0084549334
    0.0084237473
    0.0083896200
    0.0083068168
    0.0081417214
    0.0078698106
    0.0074737144
    0.0069419145
    0.0062680266
    0.0054504007
    0.0044921181
    0.0034012721
    0.0021916716
    0.0008840092
   -0.0004922075
    0.0077946010
    0.0074969897
    0.0073549483
    0.0072745516
    0.0071886121
    0.0070480803
    0.0068167323
    0.0064677694
    0.0059815288
    0.0053440767
    0.0045462236
    0.0035829129
    0.0024529303
    0.0011588030
   -0.0002930706
   -0.0018919796
    0.0065137542
    0.0061413835
    0.0059460212
    0.0058213295
    0.0056916514
    0.0055017641
    0.0052106175
    0.0047872945
    0.0042083488
    0.0034560374
    0.0025169920
    0.0013813014
    0.0000417565
   -0.0015068803
   -0.0032684843
   -0.0052463321
    0.0042361605
    0.0040689291
    0.0039153181
    0.0037066889
    0.0033917548
    0.0029313594
    0.0022949592
    0.0014581341
    0.0004007960
   -0.0008943849
   -0.0024434556
   -0.0042626966
   -0.0063705142
    0.0020072957
    0.0018502912
    0.0016798243
    0.0014226082
    0.0010224465
    0.0004349748
   -0.0003759808
   -0.0014412757
   -0.0027889009
   -0.0044462983
   -0.0064430473
   -0.0088140802
   -0.0008734573
   -0.0010502284
   -0.0013820456
   -0.0019277875
   -0.0027370736
   -0.0038537462
   -0.0053191616
   -0.0071757015
   -0.0094710070
   -0.0046592746
   -0.0053694663
   -0.0064606804
   -0.0079916635
   -0.0100246227
    0.0098375825
    0.0096572620
    0.0100220852
    0.0102731833
    0.0101742317
    0.0097405264
    0.0092332461
    0.0090240302
    0.0092516278
    0.0096554325
    0.0100093894
    0.0103034801
    0.0105311290
    0.0106252941
    0.0105255573
    0.0102213964
    0.0097508821
    0.0091931370
    0.0086868879
    0.0084333166
    0.0085732296
    0.0090087954
    0.0094685256
    0.0097867243
    0.0099978071
    0.0101951884
    0.0104142605
    0.0106258936
    0.0107752455
    0.0108147051
    0.0107191169
    0.0104868813
    0.0101323338
    0.0096756414
    0.0091410113
    0.0085767146
    0.0080931625
    0.0096815095
    0.0098885199
    0.0099315116
    0.0099519384
    0.0100352244
    0.0101956580
    0.0104022592
    0.0106073187
    0.0107654516
    0.0108434662
    0.0108237874
    0.0107038183
    0.0104922249
    0.0102026245
    0.0098455215
    0.0094217760
    0.0089256503
    0.0083689655
    0.0101946518
    0.0099381516
    0.0097450710
    0.0096816459
    0.0097488339
    0.0099124539
    0.0101259086
    0.0103435683
    0.0105277975
    0.0106519998
    0.0107014139
    0.0106725774
    0.0105717400
    0.0104120831
    0.0102093891
    0.0099756348
    0.0097108047
    0.0093958772
    0.0097388314
    0.0093356892
    0.0091402423
    0.0091254931
    0.0092442251
    0.0094452170
    0.0096814568
    0.0099140006
    0.0101134086
    0.0102600947
    0.0103440722
    0.0103643524
    0.0103280971
    0.0102493378
    0.0101468837
    0.0100408685
    0.0099469574
    0.0098674373
    0.0097799226
    0.0094875015
    0.0087971546
    0.0084051029
    0.0082591729
    0.0082972393
    0.0084593979
    0.0086931004
    0.0089549207
    0.0092109260
    0.0094363616
    0.0096151972
    0.0097395956
    0.0098095092
    0.0098321752
    0.0098217567
    0.0097985640
    0.0097878044
    0.0098169966
    0.0099108813
    0.0100821155
    0.0077828379
    0.0072962562
    0.0071015499
    0.0071182672
    0.0072777068
    0.0075233205
    0.0078099080
    0.0081024700
    0.0083752011
    0.0086105947
    0.0087987986
    0.0089371324
    0.0090298277
    0.0090879595
    0.0091294602
    0.0091791846
    0.0092687964
    0.0094358584
    0.0097211509
    0.0101620808
    0.0063112317
    0.0057899556
    0.0055921395
    0.0056223056
    0.0058046756
    0.0060796233
    0.0064007479
    0.0067326648
    0.0070493613
    0.0073330198
    0.0075732080
    0.0077663403
    0.0079154621
    0.0080303091
    0.0081276091
    0.0082317124
    0.0083754501
    0.0086012063
    0.0089617597
    0.0095199875
    0.0039209477
    0.0037041631
    0.0037417047
    0.0039481231
    0.0042582131
    0.0046222601
    0.0050027338
    0.0053721240
    0.0057113873
    0.0060089641
    0.0062601134
    0.0064667058
    0.0066372503
    0.0067873487
    0.0069405655
    0.0071298189
    0.0073994085
    0.0078079751
    0.0084321291
    0.0014035046
    0.0013890740
    0.0015883874
    0.0019222450
    0.0023313905
    0.0027714996
    0.0032099326
    0.0036236446
    0.0039977126
    0.0043244564
    0.0046030468
    0.0048394024
    0.0050465670
    0.0052455902
    0.0054670116
    0.0057532756
    0.0061624175
    0.0067737317
   -0.0014061185
   -0.0011069908
   -0.0006760610
   -0.0001753068
    0.0003495914
    0.0008655434
    0.0013495604
    0.0017872254
    0.0021717270
    0.0025034093
    0.0027898394
    0.0030463284
    0.0032970651
    0.0035771657
    0.0039359204
    0.0044420517
   -0.0041520590
   -0.0035582590
   -0.0029231388
   -0.0022889110
   -0.0016852767
   -0.0011317200
   -0.0006389852
   -0.0002098867
    0.0001605453
    0.0004853986
    0.0007869077
    0.0010984358
    0.0014677249
    0.0019623088
   -0.0067588091
   -0.0059623928
   -0.0052045124
   -0.0045089371
   -0.0038892747
   -0.0033501399
   -0.0028875705
   -0.0024886964
   -0.0021306918
   -0.0017787370
   -0.0013823417
   -0.0094355982
   -0.0085380360
   -0.0077427828
   -0.0070562789
   -0.0064753321
   -0.0059869129
   -0.0055671011
    0.0086830220
    0.0084920566
    0.0082616681
    0.0093099918
    0.0091549971
    0.0090659694
    0.0089335378
    0.0087238320
    0.0084717882
    0.0096848137
    0.0096004976
    0.0096002679
    0.0095797639
    0.0094857795
    0.0093098454
    0.0090845271
    0.0088817516
    0.0101615466
    0.0099048217
    0.0098897139
    0.0099691284
    0.0100463865
    0.0100638006
    0.0099953541
    0.0098428769
    0.0096350462
    0.0094288712
    0.0093134039
    0.0099723631
    0.0099296634
    0.0100488624
    0.0102196410
    0.0103693408
    0.0104532924
    0.0104491049
    0.0103537050
    0.0101825971
    0.0099709492
    0.0097769254
    0.0096875882
    0.0098281186
    0.0097671644
    0.0096911815
    0.0098336074
    0.0100734120
    0.0103285801
    0.0105444292
    0.0106865572
    0.0107367582
    0.0106908899
    0.0105582285
    0.0103622136
    0.0101427468
    0.0099604858
    0.0099040301
    0.0101016821
    0.0091131087
    0.0092108931
    0.0094812631
    0.0098234549
    0.0101681991
    0.0104681959
    0.0106924482
    0.0108228201
    0.0108521517
    0.0107834823
    0.0106302384
    0.0104174782
    0.0101843712
    0.0099885403
    0.0099131384
    0.0100786253
    0.0081093534
    0.0082631418
    0.0086108219
    0.0090492055
    0.0095064327
    0.0099321285
    0.0102914393
    0.0105613936
    0.0107286793
    0.0107883889
    0.0107436317
    0.0106057106
    0.0103951416
    0.0101435608
    0.0098969693
    0.0097209537
    0.0097092696
    0.0099980738
    0.0068725195
    0.0073637783
    0.0079378561
    0.0085277580
    0.0090853743
    0.0095763622
    0.0099768344
    0.0102713323
    0.0104515882
    0.0105159228
    0.0104690670
    0.0103226280
    0.0100959775
    0.0098179734
    0.0095296830
    0.0092886714
    0.0091758878
    0.0093068425
    0.0055517324
    0.0063179416
    0.0070839551
    0.0078073741
    0.0084566818
    0.0090089019
    0.0094481213
    0.0097644427
    0.0099534537
    0.0100160124
    0.0099583557
    0.0097925700
    0.0095375403
    0.0092204266
    0.0088789366
    0.0085648609
    0.0083493835
    0.0083314519
    0.0038363858
    0.0048664669
    0.0058306270
    0.0067042645
    0.0074678068
    0.0081064200
    0.0086097295
    0.0089716126
    0.0091901065
    0.0092675066
    0.0092106045
    0.0090311841
    0.0087468479
    0.0083821583
    0.0079703513
    0.0075557512
    0.0071971596
    0.0069726303
    0.0011905452
    0.0025726848
    0.0038187058
    0.0049229973
    0.0058781549
    0.0066771157
    0.0073143529
    0.0077866161
    0.0080934064
    0.0082373994
    0.0082247875
    0.0080657883
    0.0077752375
    0.0073733086
    0.0068864854
    0.0063486038
    0.0058019430
    0.0052979947
    0.0003025029
    0.0018477956
    0.0031784602
    0.0043031038
    0.0052254766
    0.0059474842
    0.0064709949
    0.0067990685
    0.0069368006
    0.0068919424
    0.0066753912
    0.0063016446
    0.0057890576
    0.0051597960
    0.0044391697
    0.0036534404
   -0.0020309085
   -0.0001770691
    0.0013754656
    0.0026523731
    0.0036691883
    0.0044360100
    0.0049605132
    0.0052499092
    0.0053122268
    0.0051570414
    0.0047957773
    0.0042415272
    0.0035079180
    0.0026066150
    0.0015420670
   -0.0048762140
   -0.0026314140
   -0.0007996571
    0.0006659490
    0.0017952272
    0.0026078497
    0.0031178573
    0.0033365167
    0.0032739736
    0.0029397632
    0.0023421408
    0.0014858532
    0.0003671787
   -0.0063978737
   -0.0040277935
   -0.0021704088
   -0.0007699050
    0.0002098486
    0.0007927495
    0.0009951390
    0.0008280269
    0.0002971120
   -0.0006000812
   -0.0018809196
   -0.0072561625
   -0.0050122771
   -0.0033939191
   -0.0023468870
   -0.0018379269
   -0.0018489760
   -0.0023758298
   -0.0034321799
   -0.0050604493
   -0.0086814575
   -0.0066489312
   -0.0054454443
   -0.0050271519
   -0.0053818686
   -0.0065325378
   -0.0098589761
   -0.0088570705
    0.0074472826
    0.0077180600
    0.0071691526
    0.0071683339
    0.0073955250
    0.0074770096
    0.0071712187
    0.0070234747
    0.0070523424
    0.0072676967
    0.0075532249
    0.0072890424
    0.0071155122
    0.0070486879
    0.0071233343
    0.0073639608
    0.0078861507
    0.0076633070
    0.0074825754
    0.0073362832
    0.0072497732
    0.0072693664
    0.0074388283
    0.0075593174
    0.0076157990
    0.0079411458
    0.0041540330
    0.0037548774
    0.0023998890
    0.0020001754
    0.0018355878
    0.0011269500
    0.0004902065
    0.0000753122
   -0.0001197602
    0.0055508377
   -0.0005652632
   -0.0012978770
   -0.0018233484
   -0.0021416645
   -0.0022598289
    0.0033793633
    0.0038917955
   -0.0024672800
   -0.0032531390
   -0.0038458452
   -0.0042441529
   -0.0044531333
   -0.0044835267
   -0.0043516457
    0.0015701305
    0.0021826281
    0.0029332454
   -0.0042110300
   -0.0050814349
   -0.0057735875
   -0.0062830319
   -0.0066115317
   -0.0067661570
   -0.0067589142
   -0.0066066692
   -0.0010321529
   -0.0004431850
    0.0002542926
    0.0010757025
    0.0049510399
   -0.0053063816
   -0.0063385882
   -0.0072164280
   -0.0079271396
   -0.0084653276
   -0.0088314953
   -0.0090311569
   -0.0090743640
   -0.0089755472
   -0.0087532715
   -0.0084296017
   -0.0046358550
   -0.0041104669
   -0.0035373626
   -0.0028954705
   -0.0021650133
   -0.0013297556
   -0.0003795761
    0.0036061378
    0.0032762219
   -0.0074317445
   -0.0084572705
   -0.0093387448
   -0.0100623679
   -0.0106214350
   -0.0110150004
   -0.0112469896
   -0.0113257258
   -0.0112636113
   -0.0110767345
   -0.0107842027
   -0.0104069597
   -0.0099660461
   -0.0094805914
   -0.0089657259
   -0.0084309436
   -0.0078791256
   -0.0073065806
   -0.0067039339
   -0.0060575991
   -0.0053516665
   -0.0045699834
   -0.0036983032
   -0.0027267676
    0.0019373785
    0.0015299293
    0.0012088639
   -0.0079086234
   -0.0090743876
   -0.0101397647
   -0.0110777921
   -0.0118700917
   -0.0125057663
   -0.0129801048
   -0.0132936287
   -0.0134514493
   -0.0134627719
   -0.0133404882
   -0.0131005269
   -0.0127607651
   -0.0123396385
   -0.0118542997
   -0.0113188599
   -0.0107429150
   -0.0101306557
   -0.0094807890
   -0.0087871844
   -0.0080401841
   -0.0072282524
   -0.0063399837
   -0.0053663688
   -0.0043035223
    0.0006378551
    0.0000865488
   -0.0003884678
   -0.0008038112
   -0.0011895292
   -0.0084725770
   -0.0096813414
   -0.0108427973
   -0.0119188385
   -0.0128794365
   -0.0137028069
   -0.0143747413
   -0.0148875688
   -0.0152392051
   -0.0154324528
   -0.0154743990
   -0.0153759578
   -0.0151510205
   -0.0148154730
   -0.0143857288
   -0.0138771256
   -0.0133023256
   -0.0126700965
   -0.0119846148
   -0.0112455882
   -0.0104489842
   -0.0095883508
   -0.0086566335
   -0.0076483834
   -0.0065624959
   -0.0054054168
   -0.0010742968
   -0.0016748964
   -0.0022277371
   -0.0027406669
   -0.0032357631
   -0.0037449460
   -0.0043045883
   -0.0086877169
   -0.0098535237
   -0.0110425262
   -0.0122105199
   -0.0133162147
   -0.0143244579
   -0.0152076938
   -0.0159461503
   -0.0165272223
   -0.0169446106
   -0.0171976021
   -0.0172903781
   -0.0172313632
   -0.0170323907
   -0.0167076985
   -0.0162724771
   -0.0157413259
   -0.0151267445
   -0.0144380308
   -0.0136806835
   -0.0128565795
   -0.0119648480
   -0.0110033620
   -0.0099708388
   -0.0088695784
   -0.0077086368
   -0.0065073302
   -0.0029853606
   -0.0035978813
   -0.0041959368
   -0.0047802598
   -0.0053663308
   -0.0059796405
   -0.0066498473
   -0.0074042970
   -0.0082616496
   -0.0092269103
   -0.0102891327
   -0.0114224357
   -0.0125899040
   -0.0137491096
   -0.0148575700
   -0.0158770041
   -0.0167758473
   -0.0175302431
   -0.0181239017
   -0.0185476307
   -0.0187984958
   -0.0188791916
   -0.0187971846
   -0.0185637588
   -0.0181927316
   -0.0176989229
   -0.0170965688
   -0.0163979942
   -0.0156126741
   -0.0147471527
   -0.0138056587
   -0.0127916471
   -0.0117099957
   -0.0105700039
   -0.0093888543
   -0.0081948794
   -0.0047879748
   -0.0053728104
   -0.0059874075
   -0.0066187256
   -0.0072703126
   -0.0079579998
   -0.0087038508
   -0.0095292339
   -0.0104479657
   -0.0114610706
   -0.0125542178
   -0.0136988315
   -0.0148560009
   -0.0159821396
   -0.0170344204
   -0.0179749128
   -0.0187729635
   -0.0194061766
   -0.0198602577
   -0.0201285422
   -0.0202112466
   -0.0201145039
   -0.0198491533
   -0.0194292713
   -0.0188704159
   -0.0181880183
   -0.0173960306
   -0.0165064275
   -0.0155295840
   -0.0144757096
   -0.0133572792
   -0.0121923010
   -0.0110078887
   -0.0098430300
   -0.0087490807
   -0.0063935847
   -0.0067740163
   -0.0072785939
   -0.0078660535
   -0.0085111731
   -0.0092059656
   -0.0099563934
   -0.0107760866
   -0.0116786360
   -0.0126700030
   -0.0137429161
   -0.0148747079
   -0.0160291885
   -0.0171615310
   -0.0182244684
   -0.0191738466
   -0.0199725492
   -0.0205925180
   -0.0210153877
   -0.0212322253
   -0.0212426989
   -0.0210539506
   -0.0206788469
   -0.0201340982
   -0.0194382450
   -0.0186100556
   -0.0176677970
   -0.0166297665
   -0.0155161778
   -0.0143522444
   -0.0131718546
   -0.0120204767
   -0.0109551574
   -0.0100397321
   -0.0093343203
   -0.0088820078
   -0.0086980207
   -0.0087671981
   -0.0090513730
   -0.0095032805
   -0.0100806368
   -0.0107552003
   -0.0115149172
   -0.0123599835
   -0.0132949358
   -0.0143194918
   -0.0154209524
   -0.0165705553
   -0.0177248714
   -0.0188313833
   -0.0198357424
   -0.0206884953
   -0.0213497878
   -0.0217917533
   -0.0219992346
   -0.0219691765
   -0.0217091672
   -0.0212352924
   -0.0205695067
   -0.0197373840
   -0.0187667978
   -0.0176882545
   -0.0165370515
   -0.0153568114
   -0.0142026617
   -0.0131414770
   -0.0122460136
   -0.0115823482
   -0.0111942889
   -0.0110925966
   -0.0112557191
   -0.0116421702
   -0.0122075813
   -0.0129177777
   -0.0137527330
   -0.0147016874
   -0.0157529036
   -0.0168830226
   -0.0180509866
   -0.0191988934
   -0.0202591956
   -0.0211646720
   -0.0218575141
   -0.0222955363
   -0.0224550457
   -0.0223310822
   -0.0219355609
   -0.0212940951
   -0.0204427003
   -0.0194255810
   -0.0182952542
   -0.0171150774
   -0.0159620245
   -0.0149254490
   -0.0140971730
   -0.0135526913
   -0.0133317044
   -0.0134308161
   -0.0138141753
   -0.0144344555
   -0.0152495696
   -0.0162254997
   -0.0173264746
   -0.0185012522
   -0.0196757417
   -0.0207576259
   -0.0216503779
   -0.0222701778
   -0.0225589785
   -0.0224914334
   -0.0220757229
   -0.0213502230
   -0.0203787490
   -0.0192476908
   -0.0180658295
   -0.0169628488
   -0.0160770105
   -0.0155265238
   -0.0153764568
   -0.0156260902
   -0.0162271910
   -0.0171122388
   -0.0182039829
   -0.0194027308
   -0.0205732667
   -0.0215542265
   -0.0221911104
   -0.0223751653
   -0.0220705012
   -0.0213236592
   -0.0202601809
   -0.0190762806
   -0.0180210877
   -0.0173466024
   -0.0172224740
   -0.0176760021
   -0.0186052886
   -0.0198086685
   -0.0209805781
   -0.0217463288
   -0.0218009606
   -0.0210880808
   -0.0199159907
   -0.0189402782
   -0.0188655219
   -0.0198567491
   -0.0210242582
   -0.0205446389
   -0.0203466256
    0.0079973268
    0.0080127358
    0.0081827578
    0.0076539175
    0.0078439911
    0.0080695561
    0.0082078141
    0.0082904230
    0.0084325791
    0.0074998666
    0.0077402046
    0.0080017028
    0.0082057776
    0.0083152493
    0.0083408943
    0.0083417301
    0.0084113841
    0.0086420119
    0.0074934185
    0.0077521896
    0.0080158617
    0.0082407425
    0.0083942263
    0.0084601666
    0.0084439920
    0.0083757051
    0.0083102926
    0.0083243128
    0.0085053450
    0.0076903163
    0.0079315574
    0.0081665696
    0.0083680993
    0.0085118842
    0.0085812727
    0.0085707531
    0.0084883164
    0.0083570788
    0.0082165007
    0.0081229688
    0.0081489594
    0.0083787177
    0.0077103646
    0.0078792897
    0.0080709759
    0.0082672235
    0.0084453130
    0.0085829305
    0.0086619385
    0.0086708589
    0.0086063837
    0.0084745086
    0.0082914815
    0.0080848942
    0.0078949640
    0.0077758951
    0.0077969609
    0.0080421588
    0.0080056997
    0.0080993235
    0.0082300015
    0.0083776779
    0.0085190498
    0.0086319009
    0.0086977078
    0.0087031390
    0.0086408226
    0.0085099105
    0.0083165780
    0.0080746684
    0.0078065996
    0.0075446092
    0.0073324091
    0.0072272766
    0.0073023893
    0.0082708699
    0.0082564737
    0.0083061057
    0.0083956117
    0.0084988156
    0.0085912781
    0.0086522254
    0.0086654421
    0.0086196274
    0.0085085677
    0.0083312640
    0.0080921914
    0.0078017344
    0.0074768584
    0.0071421410
    0.0068312288
    0.0065888434
    0.0064734984
    0.0065610110
    0.0084928496
    0.0083731150
    0.0083443102
    0.0083745900
    0.0084333095
    0.0084934288
    0.0085324422
    0.0085325751
    0.0084806650
    0.0083680488
    0.0081904063
    0.0079477784
    0.0076447261
    0.0072906972
    0.0069005948
    0.0064957259
    0.0061051115
    0.0057673909
    0.0055334895
    0.0054703198
    0.0086842824
    0.0084304757
    0.0083035183
    0.0082622148
    0.0082697454
    0.0082948809
    0.0083120382
    0.0083009051
    0.0082459312
    0.0081358940
    0.0079635478
    0.0077254181
    0.0074217587
    0.0070566536
    0.0066383055
    0.0061795726
    0.0056987292
    0.0052206799
    0.0047785997
    0.0044163853
    0.0041920819
    0.0086053339
    0.0082873963
    0.0081119000
    0.0080298173
    0.0080004364
    0.0079907614
    0.0079744576
    0.0079308892
    0.0078442606
    0.0077029572
    0.0074990902
    0.0072281686
    0.0068889895
    0.0064836109
    0.0060175512
    0.0055001238
    0.0049450216
    0.0043711985
    0.0038041091
    0.0032775548
    0.0028363154
    0.0082724063
    0.0079327970
    0.0077366750
    0.0076310825
    0.0075739712
    0.0075321929
    0.0074797836
    0.0073965591
    0.0072671150
    0.0070800475
    0.0068274336
    0.0065044564
    0.0061092705
    0.0056429069
    0.0051094171
    0.0045161208
    0.0038740691
    0.0031987366
    0.0025110600
    0.0018389010
    0.0012192574
    0.0077988856
    0.0074273821
    0.0072033733
    0.0070702815
    0.0069842633
    0.0069112826
    0.0068249010
    0.0067046310
    0.0065347884
    0.0063035997
    0.0060026435
    0.0056264308
    0.0051721847
    0.0046397344
    0.0040315476
    0.0033529258
    0.0026123008
    0.0018217929
    0.0009979919
    0.0001631069
    0.0068662541
    0.0065693940
    0.0063836321
    0.0062584988
    0.0061552264
    0.0060438868
    0.0059012840
    0.0057094833
    0.0054547685
    0.0051268786
    0.0047185117
    0.0042249717
    0.0036439694
    0.0029755324
    0.0022220554
    0.0013884449
    0.0004824131
   -0.0004850236
   -0.0014988406
    0.0059946664
    0.0056746127
    0.0054666891
    0.0053177619
    0.0051872214
    0.0050437574
    0.0048630576
    0.0046262153
    0.0043185746
    0.0039289291
    0.0034489215
    0.0028726723
    0.0021964653
    0.0014186146
    0.0005393743
   -0.0004390500
   -0.0015123849
   -0.0026740382
    0.0048697813
    0.0045455300
    0.0043279541
    0.0041623522
    0.0040068229
    0.0038289368
    0.0036033829
    0.0033102704
    0.0029339403
    0.0024621150
    0.0018852211
    0.0011959308
    0.0003888098
   -0.0005399925
   -0.0015929633
   -0.0027713974
   -0.0040755605
    0.0032326391
    0.0029999903
    0.0028195525
    0.0026456801
    0.0024427510
    0.0021827077
    0.0018432047
    0.0014062989
    0.0008574760
    0.0001848466
   -0.0006214477
   -0.0015697556
   -0.0026674214
   -0.0039212584
   -0.0053380178
    0.0013244386
    0.0011507168
    0.0009557522
    0.0007045728
    0.0003689737
   -0.0000741176
   -0.0006438340
   -0.0013564187
   -0.0022260522
   -0.0032656357
   -0.0044875717
   -0.0059045859
   -0.0075306028
   -0.0008156158
   -0.0010445050
   -0.0013705609
   -0.0018221971
   -0.0024237332
   -0.0031965066
   -0.0041599648
   -0.0053327398
   -0.0067337421
   -0.0032762528
   -0.0036657069
   -0.0042319650
   -0.0050031590
   -0.0060057901
   -0.0072659528
    0.0082888178
    0.0082140242
    0.0083700195
    0.0084771983
    0.0084366933
    0.0082408365
    0.0080136597
    0.0079343215
    0.0080536714
    0.0082307271
    0.0083640756
    0.0084735504
    0.0085725763
    0.0086262658
    0.0085943860
    0.0084637130
    0.0082505030
    0.0079954783
    0.0077699631
    0.0076711534
    0.0077589159
    0.0079759901
    0.0081848201
    0.0083025351
    0.0083531083
    0.0083998401
    0.0084759660
    0.0085722869
    0.0086574190
    0.0086997445
    0.0086795797
    0.0085916645
    0.0084413035
    0.0082385632
    0.0079967772
    0.0077414710
    0.0075261664
    0.0074318300
    0.0083226168
    0.0084028682
    0.0083725079
    0.0083110582
    0.0082822099
    0.0083109627
    0.0083896739
    0.0084934204
    0.0085934710
    0.0086657434
    0.0086948003
    0.0086746059
    0.0086068108
    0.0084973184
    0.0083518973
    0.0081726391
    0.0079587064
    0.0077155399
    0.0086479352
    0.0084639163
    0.0082636476
    0.0081157849
    0.0080497663
    0.0080641500
    0.0081395950
    0.0082497655
    0.0083685940
    0.0084744474
    0.0085521178
    0.0085934415
    0.0085968155
    0.0085659462
    0.0085077233
    0.0084291916
    0.0083339089
    0.0082185228
    0.0080720113
    0.0078813488
    0.0082721034
    0.0079605245
    0.0077588512
    0.0076687406
    0.0076732064
    0.0077469371
    0.0078629410
    0.0079965445
    0.0081274498
    0.0082406983
    0.0083269960
    0.0083825396
    0.0084085256
    0.0084103464
    0.0083962674
    0.0083755460
    0.0083556406
    0.0083386050
    0.0083172353
    0.0082726893
    0.0081625199
    0.0076849858
    0.0073590197
    0.0071771547
    0.0071168801
    0.0071498060
    0.0072470895
    0.0073824085
    0.0075334419
    0.0076825335
    0.0078168911
    0.0079285287
    0.0080140955
    0.0080745752
    0.0081148856
    0.0081432922
    0.0081704813
    0.0082081186
    0.0082666051
    0.0083516875
    0.0084599450
    0.0085738579
    0.0074032014
    0.0069037246
    0.0065911598
    0.0064356167
    0.0064033885
    0.0064616853
    0.0065809884
    0.0067360500
    0.0069062142
    0.0070754529
    0.0072322035
    0.0073691771
    0.0074831682
    0.0075748437
    0.0076485694
    0.0077121563
    0.0077765061
    0.0078550363
    0.0079626212
    0.0081137588
    0.0083195040
    0.0085826981
    0.0061410642
    0.0057586458
    0.0055588946
    0.0055005542
    0.0055464740
    0.0056645792
    0.0058280117
    0.0060149352
    0.0062082071
    0.0063950414
    0.0065667247
    0.0067183647
    0.0068487160
    0.0069600488
    0.0070580972
    0.0071519806
    0.0072541554
    0.0073801990
    0.0075483697
    0.0077785750
    0.0080903061
    0.0084988536
    0.0051419547
    0.0047020729
    0.0044697071
    0.0043956538
    0.0044380004
    0.0045618015
    0.0047383775
    0.0049446291
    0.0051624257
    0.0053780427
    0.0055817823
    0.0057676648
    0.0059332019
    0.0060792912
    0.0062101941
    0.0063335634
    0.0064605902
    0.0066061327
    0.0067888902
    0.0070313852
    0.0073596110
    0.0078018031
    0.0035228271
    0.0032020729
    0.0030730678
    0.0030856206
    0.0031989163
    0.0033799894
    0.0036024579
    0.0038455456
    0.0040932863
    0.0043339536
    0.0045596462
    0.0047659868
    0.0049519524
    0.0051198212
    0.0052752302
    0.0054273145
    0.0055890092
    0.0057774311
    0.0060143847
    0.0063268780
    0.0067475622
    0.0073146296
    0.0015946872
    0.0014806115
    0.0015168908
    0.0016592671
    0.0018726353
    0.0021292612
    0.0024074737
    0.0026907131
    0.0029668172
    0.0032275214
    0.0034681628
    0.0036874334
    0.0038873544
    0.0040733481
    0.0042544372
    0.0044435935
    0.0046583377
    0.0049214377
    0.0052619730
    0.0057164917
    0.0063303402
   -0.0003985477
   -0.0003086353
   -0.0001130420
    0.0001517435
    0.0004572307
    0.0007814044
    0.0011076163
    0.0014237755
    0.0017218204
    0.0019973730
    0.0022495077
    0.0024807441
    0.0026971508
    0.0029086114
    0.0031293043
    0.0033784518
    0.0036813229
    0.0040707225
    0.0045889213
   -0.0024606630
   -0.0022069646
   -0.0018826835
   -0.0015183462
   -0.0011373278
   -0.0007571522
   -0.0003904431
   -0.0000455389
    0.0002731254
    0.0005647672
    0.0008322383
    0.0010821775
    0.0013253261
    0.0015771172
    0.0018585901
    0.0021976787
    0.0026311467
   -0.0044056381
   -0.0039749182
   -0.0035225761
   -0.0030696314
   -0.0026313294
   -0.0022180358
   -0.0018357740
   -0.0014865234
   -0.0011683635
   -0.0008753619
   -0.0005972295
   -0.0003187681
   -0.0000189094
    0.0003307320
   -0.0061268509
   -0.0055806593
   -0.0050573258
   -0.0045679386
   -0.0041187738
   -0.0037116934
   -0.0033442580
   -0.0030095671
   -0.0026959307
   -0.0023861099
   -0.0020561628
   -0.0078071930
   -0.0072215253
   -0.0066904991
   -0.0062154734
   -0.0057930085
   -0.0054146969
   -0.0050666611
    0.0075958294
    0.0074433361
    0.0079655528
    0.0078324961
    0.0077251565
    0.0076155614
    0.0075174898
    0.0084226945
    0.0082040922
    0.0081016924
    0.0080416503
    0.0079787266
    0.0078959456
    0.0078026660
    0.0077319866
    0.0086502016
    0.0083934909
    0.0082918295
    0.0082658490
    0.0082596599
    0.0082388085
    0.0081880926
    0.0081100058
    0.0080239183
    0.0079656963
    0.0079870864
    0.0084458354
    0.0083509001
    0.0083535515
    0.0083952364
    0.0084357239
    0.0084501937
    0.0084272815
    0.0083679276
    0.0082850338
    0.0082038328
    0.0081627979
    0.0082148138
    0.0084399209
    0.0082820984
    0.0082709094
    0.0083380906
    0.0084341296
    0.0085243528
    0.0085861186
    0.0086070260
    0.0085838377
    0.0085220709
    0.0084362041
    0.0083504467
    0.0083001175
    0.0083337042
    0.0085153696
    0.0080397449
    0.0080093178
    0.0080903624
    0.0082271322
    0.0083790481
    0.0085172642
    0.0086224053
    0.0086830105
    0.0086946595
    0.0086595954
    0.0085867621
    0.0084923388
    0.0084007812
    0.0083464298
    0.0083759465
    0.0085515798
    0.0075338793
    0.0075855445
    0.0077359324
    0.0079350015
    0.0081458863
    0.0083417958
    0.0085039456
    0.0086201793
    0.0086840881
    0.0086945567
    0.0086556464
    0.0085768112
    0.0084734982
    0.0083681536
    0.0082917779
    0.0082862443
    0.0084075842
    0.0068002224
    0.0068560453
    0.0070348451
    0.0072823344
    0.0075579220
    0.0078313409
    0.0080803123
    0.0082889470
    0.0084466874
    0.0085476195
    0.0085901037
    0.0085766552
    0.0085140695
    0.0084138582
    0.0082929263
    0.0081747295
    0.0080908897
    0.0080836466
    0.0082092509
    0.0057937920
    0.0060154345
    0.0063216868
    0.0066695509
    0.0070263370
    0.0073672769
    0.0076738803
    0.0079327395
    0.0081347732
    0.0082746738
    0.0083506643
    0.0083643686
    0.0083209095
    0.0082292235
    0.0081025465
    0.0079592387
    0.0078239807
    0.0077294582
    0.0077188325
    0.0078491779
    0.0048437631
    0.0052755730
    0.0057315983
    0.0061842249
    0.0066120234
    0.0069985647
    0.0073315990
    0.0076024714
    0.0078056854
    0.0079387091
    0.0080018577
    0.0079983160
    0.0079343291
    0.0078195461
    0.0076675213
    0.0074965149
    0.0073305561
    0.0072010065
    0.0071486654
    0.0072267114
    0.0035545150
    0.0041522963
    0.0047407148
    0.0053004761
    0.0058160405
    0.0062751409
    0.0066684524
    0.0069893408
    0.0072336284
    0.0073995303
    0.0074876251
    0.0075009106
    0.0074449909
    0.0073283439
    0.0071627281
    0.0069637700
    0.0067517673
    0.0065527574
    0.0063999241
    0.0063354232
    0.0020922966
    0.0028753938
    0.0036106471
    0.0042875504
    0.0048968614
    0.0054308691
    0.0058835189
    0.0062505307
    0.0065294024
    0.0067194867
    0.0068220772
    0.0068405095
    0.0067803412
    0.0066496312
    0.0064592380
    0.0062232681
    0.0059596271
    0.0056906744
    0.0054440052
    0.0052531840
    0.0001889266
    0.0011993483
    0.0021187660
    0.0029463729
    0.0036797559
    0.0043160330
    0.0048525493
    0.0052873618
    0.0056195898
    0.0058496224
    0.0059793229
    0.0060122288
    0.0059537203
    0.0058112353
    0.0055945181
    0.0053158586
    0.0049903236
    0.0046359689
    0.0042737727
    0.0039271975
   -0.0014152503
   -0.0001968891
    0.0008813045
    0.0018278412
    0.0026472913
    0.0033419898
    0.0039132478
    0.0043621908
    0.0046903094
    0.0048998862
    0.0049943238
    0.0049783445
    0.0048582007
    0.0046418235
    0.0043388662
    0.0039606386
    0.0035198180
    0.0030296534
    0.0025024030
   -0.0028475176
   -0.0014534442
   -0.0002479392
    0.0007851716
    0.0016563153
    0.0023723684
    0.0029382129
    0.0033577966
    0.0036349365
    0.0037738153
    0.0037793415
    0.0036573660
    0.0034146889
    0.0030589081
    0.0025979415
    0.0020389931
    0.0013867141
   -0.0029752535
   -0.0016222165
   -0.0004887273
    0.0004418608
    0.0011810571
    0.0017372106
    0.0021169200
    0.0023259479
    0.0023698202
    0.0022541178
    0.0019843736
    0.0015656403
    0.0010013831
    0.0002915283
   -0.0005708411
   -0.0055042921
   -0.0038456466
   -0.0024786453
   -0.0013756923
   -0.0005175440
    0.0001094705
    0.0005154124
    0.0007080841
    0.0006937602
    0.0004772873
    0.0000615346
   -0.0005540506
   -0.0013761617
   -0.0063126632
   -0.0046627889
   -0.0033604993
   -0.0023770204
   -0.0016923049
   -0.0012924316
   -0.0011680014
   -0.0013134830
   -0.0017277432
   -0.0024160558
   -0.0033938907
   -0.0061877635
   -0.0048789768
   -0.0039801023
   -0.0034698634
   -0.0033358613
   -0.0035740275
   -0.0041901390
   -0.0052039565
   -0.0077819911
   -0.0065733996
   -0.0059224695
   -0.0058150768
   -0.0062534654
    0.0068661113
    0.0070146540
    0.0066976710
    0.0066880852
    0.0068098055
    0.0070056966
    0.0066855435
    0.0065865612
    0.0065924023
    0.0067050284
    0.0069144071
    0.0067352407
    0.0066157211
    0.0065626363
    0.0065908939
    0.0067109720
    0.0069458309
    0.0068137568
    0.0067118443
    0.0066469779
    0.0066377067
    0.0067049259
    0.0072240972
    0.0067950327
    0.0067849487
    0.0068485645
    0.0069796968
    0.0070270585
    0.0043496045
    0.0033329954
    0.0021201437
    0.0018829300
    0.0012933061
    0.0008595183
    0.0005609884
    0.0003982758
    0.0048894804
   -0.0001780577
   -0.0006171737
   -0.0009267473
   -0.0011071348
   -0.0011628896
    0.0038693412
   -0.0016754690
   -0.0021310391
   -0.0024631373
   -0.0026721779
   -0.0027622767
   -0.0027409897
    0.0022747441
    0.0027382554
   -0.0029221912
   -0.0034544405
   -0.0038703334
   -0.0041681664
   -0.0043497515
   -0.0044201187
   -0.0043872563
    0.0003516651
    0.0007830009
    0.0012831709
   -0.0041709735
   -0.0047679534
   -0.0052562075
   -0.0056319420
   -0.0058948574
   -0.0060477716
   -0.0060963258
   -0.0060487780
   -0.0059158416
   -0.0016567884
   -0.0012255120
   -0.0007405878
   -0.0001930418
    0.0004227046
    0.0037595594
   -0.0050953463
   -0.0057871468
   -0.0063821224
   -0.0068725909
   -0.0072546775
   -0.0075278212
   -0.0076943856
   -0.0077593792
   -0.0077302486
   -0.0076166194
   -0.0074299471
   -0.0071829824
   -0.0043275873
   -0.0039178736
   -0.0034811417
   -0.0030074143
   -0.0024869288
   -0.0019112985
   -0.0012745925
   -0.0005745976
    0.0026649157
    0.0024201830
   -0.0060439221
   -0.0068001117
   -0.0074729049
   -0.0080509901
   -0.0085271057
   -0.0088975792
   -0.0091618761
   -0.0093222346
   -0.0093834356
   -0.0093524923
   -0.0092383983
   -0.0090516865
   -0.0088038864
   -0.0085067251
   -0.0081713215
   -0.0078072731
   -0.0074218305
   -0.0070193666
   -0.0066010780
   -0.0061650869
   -0.0057068814
   -0.0052199546
   -0.0046966982
   -0.0041293725
   -0.0035111508
   -0.0028372748
   -0.0021062444
    0.0016355502
    0.0013070306
    0.0010262736
   -0.0066549102
   -0.0074761911
   -0.0082357633
   -0.0089171110
   -0.0095079669
   -0.0100000544
   -0.0103886707
   -0.0106722990
   -0.0108522275
   -0.0109322797
   -0.0109185179
   -0.0108189138
   -0.0106428888
   -0.0104007809
   -0.0101031032
   -0.0097597377
   -0.0093791370
   -0.0089676756
   -0.0085291395
   -0.0080646133
   -0.0075726035
   -0.0070494988
   -0.0064902639
   -0.0058892714
   -0.0052413444
   -0.0045428188
   -0.0037928011
   -0.0029944813
    0.0005437658
    0.0001556472
   -0.0001953283
   -0.0005154212
   -0.0008179661
   -0.0073596620
   -0.0082075465
   -0.0090156074
   -0.0097633214
   -0.0104340628
   -0.0110152415
   -0.0114981746
   -0.0118777398
   -0.0121520250
   -0.0123219635
   -0.0123910523
   -0.0123649935
   -0.0122512982
   -0.0120588211
   -0.0117970912
   -0.0114756020
   -0.0111030682
   -0.0106866756
   -0.0102316078
   -0.0097407142
   -0.0092145891
   -0.0086518232
   -0.0080496378
   -0.0074046829
   -0.0067140028
   -0.0059761735
   -0.0051926214
   -0.0043689036
   -0.0008516499
   -0.0012615044
   -0.0016494831
   -0.0020199803
   -0.0023843147
   -0.0027587856
   -0.0077530103
   -0.0086043024
   -0.0094467387
   -0.0102562655
   -0.0110112808
   -0.0116936034
   -0.0122889596
   -0.0127870173
   -0.0131811530
   -0.0134681697
   -0.0136479617
   -0.0137231131
   -0.0136985933
   -0.0135812717
   -0.0133793886
   -0.0131018550
   -0.0127575587
   -0.0123546157
   -0.0118997332
   -0.0113977789
   -0.0108516500
   -0.0102624068
   -0.0096297576
   -0.0089527540
   -0.0082307950
   -0.0074647749
   -0.0066583995
   -0.0058196101
   -0.0023496778
   -0.0027731823
   -0.0031910891
   -0.0036062862
   -0.0040283666
   -0.0044714282
   -0.0049515103
   -0.0054836513
   -0.0060790933
   -0.0067429448
   -0.0074727555
   -0.0082583095
   -0.0090826433
   -0.0099239882
   -0.0107581752
   -0.0115609592
   -0.0123099564
   -0.0129858999
   -0.0135733411
   -0.0140608470
   -0.0144409205
   -0.0147097053
   -0.0148666796
   -0.0149142590
   -0.0148573683
   -0.0147028555
   -0.0144588898
   -0.0141341958
   -0.0137372798
   -0.0132757946
   -0.0127559850
   -0.0121824664
   -0.0115583684
   -0.0108857416
   -0.0101663268
   -0.0094026258
   -0.0085991837
   -0.0077640065
   -0.0069099426
   -0.0060557281
   -0.0037063147
   -0.0041316120
   -0.0045707196
   -0.0050212358
   -0.0054880721
   -0.0059813601
   -0.0065136979
   -0.0070970784
   -0.0077399084
   -0.0084445908
   -0.0092061120
   -0.0100119669
   -0.0108432932
   -0.0116769927
   -0.0124881841
   -0.0132525237
   -0.0139480640
   -0.0145564092
   -0.0150633307
   -0.0154588879
   -0.0157372987
   -0.0158966117
   -0.0159383559
   -0.0158669192
   -0.0156890073
   -0.0154128257
   -0.0150472876
   -0.0146012012
   -0.0140826543
   -0.0134985799
   -0.0128547634
   -0.0121562042
   -0.0114078749
   -0.0106158452
   -0.0097887191
   -0.0089390653
   -0.0080847680
   -0.0072496828
   -0.0047553876
   -0.0051019121
   -0.0055035153
   -0.0059434659
   -0.0064134490
   -0.0069130475
   -0.0074478514
   -0.0080265504
   -0.0086576063
   -0.0093459824
   -0.0100905308
   -0.0108826115
   -0.0117061807
   -0.0125392575
   -0.0133562963
   -0.0141308767
   -0.0148380702
   -0.0154562479
   -0.0159680885
   -0.0163611373
   -0.0166277626
   -0.0167649356
   -0.0167737609
   -0.0166588143
   -0.0164273626
   -0.0160884451
   -0.0156519380
   -0.0151277647
   -0.0145253501
   -0.0138535489
   -0.0131210019
   -0.0123370676
   -0.0115130930
   -0.0106639931
   -0.0098096903
   -0.0089759317
   -0.0081939079
   -0.0074980474
   -0.0061849951
   -0.0063737122
   -0.0066691710
   -0.0070463622
   -0.0074859811
   -0.0079766333
   -0.0085146869
   -0.0091022505
   -0.0097437865
   -0.0104423389
   -0.0111959696
   -0.0119954934
   -0.0128238101
   -0.0136570538
   -0.0144670462
   -0.0152243726
   -0.0159012335
   -0.0164736717
   -0.0169229511
   -0.0172362322
   -0.0174065661
   -0.0174325805
   -0.0173177200
   -0.0170693495
   -0.0166976208
   -0.0162143569
   -0.0156321990
   -0.0149641400
   -0.0142237018
   -0.0134257358
   -0.0125878270
   -0.0117318940
   -0.0108854607
   -0.0100819229
   -0.0093587530
   -0.0087535405
   -0.0082981722
   -0.0080129788
   -0.0079030240
   -0.0079582919
   -0.0081578439
   -0.0084763367
   -0.0088904227
   -0.0093830657
   -0.0099447551
   -0.0105718688
   -0.0112629419
   -0.0120141484
   -0.0128154511
   -0.0136483826
   -0.0144862810
   -0.0152966447
   -0.0160447074
   -0.0166973412
   -0.0172260545
   -0.0176092205
   -0.0178329352
   -0.0178911819
   -0.0177852422
   -0.0175225437
   -0.0171153095
   -0.0165791228
   -0.0159319846
   -0.0151939429
   -0.0143876902
   -0.0135399460
   -0.0126829713
   -0.0118554120
   -0.0111011096
   -0.0104650131
   -0.0099864101
   -0.0096915570
   -0.0095888226
   -0.0096689577
   -0.0099105315
   -0.0102880045
   -0.0107787067
   -0.0113661631
   -0.0120390030
   -0.0127866324
   -0.0135937523
   -0.0144362606
   -0.0152801631
   -0.0160839163
   -0.0168032517
   -0.0173966460
   -0.0178299688
   -0.0180796064
   -0.0181336441
   -0.0179917557
   -0.0176638126
   -0.0171680781
   -0.0165294542
   -0.0157785268
   -0.0149518598
   -0.0140931159
   -0.0132538479
   -0.0124919279
   -0.0118657802
   -0.0114247630
   -0.0111991149
   -0.0111948879
   -0.0113970596
   -0.0117789368
   -0.0123120285
   -0.0129707173
   -0.0137302526
   -0.0145603839
   -0.0154195437
   -0.0162536825
   -0.0170009482
   -0.0176004531
   -0.0180013708
   -0.0181698728
   -0.0180925692
   -0.0177766038
   -0.0172477381
   -0.0165477177
   -0.0157327406
   -0.0148729698
   -0.0140510837
   -0.0133557212
   -0.0128671703
   -0.0126394427
   -0.0126890198
   -0.0129983535
   -0.0135297499
   -0.0142364376
   -0.0150625163
   -0.0159353584
   -0.0167623256
   -0.0174399948
   -0.0178736046
   -0.0179979806
   -0.0177915697
   -0.0172814005
   -0.0165411913
   -0.0156868004
   -0.0148676332
   -0.0142445941
   -0.0139491777
   -0.0140420121
   -0.0145020638
   -0.0152437137
   -0.0161268403
   -0.0169558369
   -0.0175064175
   -0.0175988682
   -0.0171837025
   -0.0163962770
   -0.0155591669
   -0.0150922870
   -0.0152900081
   -0.0160848315
   -0.0169266982
   -0.0169241537
   -0.0160283806
   -0.0163992302
    0.0071402121
    0.0071010779
    0.0072192525
    0.0069436798
    0.0069762883
    0.0070602268
    0.0071307584
    0.0072086640
    0.0073575873
    0.0068371497
    0.0068999098
    0.0069963257
    0.0070798047
    0.0071272813
    0.0071457229
    0.0071722718
    0.0072632503
    0.0067953495
    0.0068754167
    0.0069764789
    0.0070706128
    0.0071361981
    0.0071617279
    0.0071496006
    0.0071181736
    0.0071014992
    0.0071457624
    0.0073006972
    0.0068385147
    0.0069212316
    0.0070154006
    0.0071036410
    0.0071696432
    0.0072010725
    0.0071922153
    0.0071459268
    0.0070748243
    0.0070018116
    0.0069598538
    0.0069904007
    0.0071395087
    0.0069061995
    0.0069622059
    0.0070348216
    0.0071117791
    0.0071791436
    0.0072237960
    0.0072356110
    0.0072090119
    0.0071440512
    0.0070471954
    0.0069318692
    0.0068189218
    0.0067368687
    0.0067216977
    0.0068157773
    0.0070248604
    0.0070340787
    0.0070689921
    0.0071202309
    0.0071752673
    0.0072209187
    0.0072452919
    0.0072391125
    0.0071966281
    0.0071161661
    0.0070005948
    0.0068577089
    0.0067006317
    0.0065483035
    0.0064259228
    0.0063653727
    0.0064053171
    0.0065904664
    0.0071781985
    0.0071329458
    0.0071241253
    0.0071417632
    0.0071728813
    0.0072038858
    0.0072222070
    0.0072173449
    0.0071814610
    0.0071097668
    0.0070007801
    0.0068565335
    0.0066828459
    0.0064896207
    0.0062912644
    0.0061072164
    0.0059625452
    0.0058886360
    0.0059237851
    0.0072451044
    0.0071731224
    0.0071428349
    0.0071399793
    0.0071497183
    0.0071581489
    0.0071531867
    0.0071250251
    0.0070663765
    0.0069725878
    0.0068417402
    0.0066747462
    0.0064755037
    0.0062511082
    0.0060121976
    0.0057733725
    0.0055537753
    0.0053778125
    0.0052760222
    0.0052860310
    0.0073260484
    0.0071925672
    0.0071147853
    0.0070757508
    0.0070587698
    0.0070485973
    0.0070320251
    0.0069981357
    0.0069383798
    0.0068465584
    0.0067188232
    0.0065536592
    0.0063519471
    0.0061170535
    0.0058550213
    0.0055748415
    0.0052888402
    0.0050131908
    0.0047686149
    0.0045812497
    0.0044837336
    0.0074214535
    0.0072035213
    0.0070609917
    0.0069734305
    0.0069214202
    0.0068875317
    0.0068567326
    0.0068164554
    0.0067565472
    0.0066691467
    0.0065485712
    0.0063912342
    0.0061956011
    0.0059621771
    0.0056936083
    0.0053947978
    0.0050731455
    0.0047388589
    0.0044054068
    0.0040901210
    0.0038149963
    0.0036076893
    0.0035028432
    0.0070993271
    0.0069110268
    0.0067874815
    0.0067066767
    0.0066494872
    0.0065997162
    0.0065439345
    0.0064712499
    0.0063730852
    0.0062429648
    0.0060763922
    0.0058707200
    0.0056251204
    0.0053405882
    0.0050200131
    0.0046683319
    0.0042927180
    0.0039029476
    0.0035117926
    0.0031356395
    0.0027952653
    0.0025168756
    0.0069175837
    0.0066820867
    0.0065216474
    0.0064114620
    0.0063304862
    0.0062611635
    0.0061890255
    0.0061023457
    0.0059917661
    0.0058500654
    0.0056719219
    0.0054537802
    0.0051937460
    0.0048915588
    0.0045486091
    0.0041680173
    0.0037547808
    0.0033159986
    0.0028611854
    0.0024026995
    0.0019563664
    0.0015422308
    0.0067861527
    0.0064612458
    0.0062341568
    0.0060751575
    0.0059593569
    0.0058661523
    0.0057786190
    0.0056829859
    0.0055681460
    0.0054252900
    0.0052476208
    0.0050301174
    0.0047693881
    0.0044635786
    0.0041123200
    0.0037167440
    0.0032795464
    0.0028051233
    0.0022997533
    0.0017718877
    0.0012325466
    0.0006958465
    0.0001797275
    0.0061034804
    0.0058230690
    0.0056237897
    0.0054773824
    0.0053606790
    0.0052547686
    0.0051442703
    0.0050167438
    0.0048622327
    0.0046728742
    0.0044426431
    0.0041671383
    0.0038434457
    0.0034700541
    0.0030468170
    0.0025749695
    0.0020571939
    0.0014977445
    0.0009026457
    0.0002799420
   -0.0003598753
   -0.0010033943
    0.0056885787
    0.0053409033
    0.0050920310
    0.0049092793
    0.0047660127
    0.0046405641
    0.0045153514
    0.0043761161
    0.0042113490
    0.0040118406
    0.0037703272
    0.0034812330
    0.0031404888
    0.0027453713
    0.0022944704
    0.0017875977
    0.0012258383
    0.0006115881
   -0.0000513351
   -0.0007575101
   -0.0014996789
   -0.0022683770
    0.0045780451
    0.0043252441
    0.0041354866
    0.0039815078
    0.0038411820
    0.0036965353
    0.0035329776
    0.0033386899
    0.0031041373
    0.0028217200
    0.0024854851
    0.0020909164
    0.0016348019
    0.0011151069
    0.0005309193
   -0.0001175609
   -0.0008290297
   -0.0016009991
   -0.0024297007
   -0.0033099040
    0.0036096246
    0.0033730037
    0.0031885601
    0.0030296896
    0.0028747268
    0.0027059986
    0.0025090811
    0.0022722207
    0.0019858467
    0.0016422341
    0.0012352043
    0.0007599188
    0.0002127186
   -0.0004090251
   -0.0011069752
   -0.0018819191
   -0.0027337901
   -0.0036616580
    0.0023017572
    0.0021199789
    0.0019553170
    0.0017858567
    0.0015935475
    0.0013635321
    0.0010835468
    0.0007434688
    0.0003349614
   -0.0001488525
   -0.0007136073
   -0.0013639204
   -0.0021035562
   -0.0029355603
   -0.0038624332
   -0.0048861848
    0.0009831259
    0.0008170259
    0.0006459427
    0.0004495219
    0.0002107377
   -0.0000846915
   -0.0004487568
   -0.0008915927
   -0.0014218251
   -0.0020468545
   -0.0027731562
   -0.0036065244
   -0.0045523003
   -0.0056156093
   -0.0005031112
   -0.0006619456
   -0.0008525844
   -0.0010940086
   -0.0014025654
   -0.0017923366
   -0.0022755226
   -0.0028628437
   -0.0035638773
   -0.0043874246
   -0.0053418410
   -0.0064353829
   -0.0024528736
   -0.0027280018
   -0.0030960363
   -0.0035722634
   -0.0041704789
   -0.0049033988
   -0.0057830086
   -0.0068210102
   -0.0045946430
   -0.0050519302
   -0.0056577576
   -0.0064283690
    0.0071271317
    0.0071041257
    0.0071527195
    0.0071872576
    0.0071785497
    0.0071071889
    0.0070222298
    0.0070032560
    0.0070625271
    0.0071233844
    0.0071465240
    0.0071637129
    0.0071964763
    0.0072278287
    0.0072304027
    0.0071904129
    0.0071116205
    0.0070123752
    0.0069272250
    0.0069018326
    0.0069596732
    0.0070652036
    0.0071462217
    0.0071629155
    0.0071357758
    0.0071101334
    0.0071143924
    0.0071486283
    0.0071951606
    0.0072329980
    0.0072470646
    0.0072309331
    0.0071849965
    0.0071130247
    0.0070210691
    0.0069216107
    0.0068405562
    0.0068157771
    0.0068760427
    0.0071607341
    0.0072563559
    0.0072619271
    0.0071943723
    0.0071006560
    0.0070252482
    0.0069919860
    0.0070030145
    0.0070462674
    0.0071041525
    0.0071599614
    0.0072014999
    0.0072223007
    0.0072209783
    0.0071992872
    0.0071595750
    0.0071026765
    0.0070280654
    0.0069378996
    0.0068445730
    0.0074401877
    0.0072996264
    0.0071256757
    0.0069676966
    0.0068564779
    0.0068026650
    0.0068017850
    0.0068407696
    0.0069035160
    0.0069746606
    0.0070418743
    0.0070969044
    0.0071357428
    0.0071581067
    0.0071663136
    0.0071636260
    0.0071522934
    0.0071316893
    0.0070975453
    0.0070436645
    0.0069672546
    0.0072933305
    0.0070221996
    0.0067951821
    0.0066341168
    0.0065435353
    0.0065163565
    0.0065392621
    0.0065967220
    0.0066736841
    0.0067572525
    0.0068375274
    0.0069080042
    0.0069655531
    0.0070100991
    0.0070440494
    0.0070713797
    0.0070963672
    0.0071220277
    0.0071482877
    0.0071704927
    0.0071791019
    0.0071619353
    0.0068232669
    0.0065293193
    0.0063213257
    0.0061971536
    0.0061461879
    0.0061537076
    0.0062038882
    0.0062816842
    0.0063739722
    0.0064701444
    0.0065624044
    0.0066458274
    0.0067182665
    0.0067801611
    0.0068341701
    0.0068846785
    0.0069370478
    0.0069965732
    0.0070670807
    0.0071491776
    0.0072384068
    0.0073239270
    0.0067590539
    0.0063426315
    0.0060325192
    0.0058252825
    0.0057091894
    0.0056685253
    0.0056864524
    0.0057467713
    0.0058349140
    0.0059384952
    0.0060475694
    0.0061547102
    0.0062550112
    0.0063459953
    0.0064275151
    0.0065015602
    0.0065720172
    0.0066443304
    0.0067249756
    0.0068206828
    0.0069373040
    0.0070782599
    0.0072425144
    0.0074223873
    0.0061785075
    0.0057358477
    0.0054205047
    0.0052185430
    0.0051121466
    0.0050825295
    0.0051116408
    0.0051831120
    0.0052826916
    0.0053984755
    0.0055209279
    0.0056428603
    0.0057593688
    0.0058677504
    0.0059674007
    0.0060597363
    0.0061480680
    0.0062374495
    0.0063344527
    0.0064467944
    0.0065827871
    0.0067503965
    0.0069559060
    0.0072019102
    0.0052103272
    0.0048269320
    0.0045752226
    0.0044332698
    0.0043794969
    0.0043939441
    0.0044588532
    0.0045589156
    0.0046812759
    0.0048154700
    0.0049533461
    0.0050889363
    0.0052183524
    0.0053397075
    0.0054530421
    0.0055602581
    0.0056650796
    0.0057729702
    0.0058910574
    0.0060279468
    0.0061934160
    0.0063978543
    0.0066513068
    0.0069619519
    0.0041136257
    0.0038086842
    0.0036294963
    0.0035510584
    0.0035509558
    0.0036096490
    0.0037104556
    0.0038393961
    0.0039850335
    0.0041382767
    0.0042922283
    0.0044420255
    0.0045847560
    0.0047193603
    0.0048465943
    0.0049689909
    0.0050908738
    0.0052183488
    0.0053593066
    0.0055234001
    0.0057219020
    0.0059674233
    0.0062732874
    0.0066524226
    0.0030364227
    0.0027620780
    0.0026142917
    0.0025660560
    0.0025940781
    0.0026785908
    0.0028030305
    0.0029537128
    0.0031195683
    0.0032918723
    0.0034640537
    0.0036315257
    0.0037915821
    0.0039433157
    0.0040875790
    0.0042269746
    0.0043659054
    0.0045106085
    0.0046692530
    0.0048520144
    0.0050711564
    0.0053409751
    0.0056776270
    0.0060985277
    0.0015291082
    0.0014411756
    0.0014456089
    0.0015193585
    0.0016432632
    0.0018015256
    0.0019812838
    0.0021722902
    0.0023665973
    0.0025583763
    0.0027437235
    0.0029205737
    0.0030886291
    0.0032493432
    0.0034059440
    0.0035635024
    0.0037290328
    0.0039116713
    0.0041228308
    0.0043764363
    0.0046890766
    0.0050800860
    0.0055713302
    0.0001674279
    0.0001280748
    0.0001773254
    0.0002919382
    0.0004528213
    0.0006444212
    0.0008542335
    0.0010723748
    0.0012913219
    0.0015056427
    0.0017118561
    0.0019083234
    0.0020951890
    0.0022743855
    0.0024496696
    0.0026267408
    0.0028133992
    0.0030197526
    0.0032585333
    0.0035454165
    0.0038994171
    0.0043432393
   -0.0013712987
   -0.0013102299
   -0.0011768463
   -0.0009923381
   -0.0007738761
   -0.0005352283
   -0.0002872455
   -0.0000382567
    0.0002056852
    0.0004405668
    0.0006643085
    0.0008766957
    0.0010793527
    0.0012757943
    0.0014715576
    0.0016743507
    0.0018943425
    0.0021444985
    0.0024410342
    0.0028039779
   -0.0028244603
   -0.0026019738
   -0.0023447276
   -0.0020675237
   -0.0017819947
   -0.0014970079
   -0.0012190190
   -0.0009522887
   -0.0006990227
   -0.0004594821
   -0.0002319549
   -0.0000127381
    0.0002040133
    0.0004265043
    0.0006655912
    0.0009352167
    0.0012529891
   -0.0044834254
   -0.0041821365
   -0.0038589404
   -0.0035270855
   -0.0031966884
   -0.0028751646
   -0.0025675063
   -0.0022764638
   -0.0020026741
   -0.0017446657
   -0.0014988293
   -0.0012592776
   -0.0010175968
   -0.0007625408
   -0.0004795116
   -0.0057173233
   -0.0053261441
   -0.0049425443
   -0.0045738626
   -0.0042248226
   -0.0038977508
   -0.0035926435
   -0.0033072219
   -0.0030368038
   -0.0027741532
   -0.0025091684
   -0.0022284290
   -0.0068430333
   -0.0064198375
   -0.0060244640
   -0.0056584899
   -0.0053209440
   -0.0050082908
   -0.0047142853
    0.0071025723
    0.0069658134
    0.0068774613
    0.0068178458
    0.0067917872
    0.0072429007
    0.0071020037
    0.0070190785
    0.0069619627
    0.0069149671
    0.0068789145
    0.0068693948
    0.0074355057
    0.0072467053
    0.0071475731
    0.0070972644
    0.0070664655
    0.0070378292
    0.0070056337
    0.0069751423
    0.0069618187
    0.0069901019
    0.0073694590
    0.0072239736
    0.0071601844
    0.0071410557
    0.0071393192
    0.0071369496
    0.0071245403
    0.0071007582
    0.0070720104
    0.0070522306
    0.0070626787
    0.0071314768
    0.0072049770
    0.0071276316
    0.0071147007
    0.0071350175
    0.0071655750
    0.0071906391
    0.0072010230
    0.0071935928
    0.0071709874
    0.0071415743
    0.0071195401
    0.0071251588
    0.0071849748
    0.0073317438
    0.0071487851
    0.0070163127
    0.0069800891
    0.0070033556
    0.0070575444
    0.0071211435
    0.0071787124
    0.0072201285
    0.0072400731
    0.0072377056
    0.0072165660
    0.0071846404
    0.0071545887
    0.0071441720
    0.0071767623
    0.0072818907
    0.0067906943
    0.0067287342
    0.0067484229
    0.0068175444
    0.0069110221
    0.0070097690
    0.0070997549
    0.0071713067
    0.0072186389
    0.0072395398
    0.0072352416
    0.0072104283
    0.0071733986
    0.0071363915
    0.0071160473
    0.0071340711
    0.0072179901
    0.0074019841
    0.0063569400
    0.0063379831
    0.0063973989
    0.0065048390
    0.0066364837
    0.0067738855
    0.0069030837
    0.0070139206
    0.0070995790
    0.0071562343
    0.0071828825
    0.0071812779
    0.0071559676
    0.0071144997
    0.0070677039
    0.0070301573
    0.0070208082
    0.0070637716
    0.0071892996
    0.0057692381
    0.0058240398
    0.0059448260
    0.0061048502
    0.0062829584
    0.0064625712
    0.0066309358
    0.0067785473
    0.0068987221
    0.0069872984
    0.0070424713
    0.0070646940
    0.0070567013
    0.0070236019
    0.0069730964
    0.0069157823
    0.0068656166
    0.0068405188
    0.0068631622
    0.0069619542
    0.0050216518
    0.0051467947
    0.0053292673
    0.0055450235
    0.0057747683
    0.0060031641
    0.0062181944
    0.0064106558
    0.0065737924
    0.0067030387
    0.0067958328
    0.0068515304
    0.0068713662
    0.0068585132
    0.0068182062
    0.0067579383
    0.0066877671
    0.0066207373
    0.0065734198
    0.0065666413
    0.0066263808
    0.0067848225
    0.0041573704
    0.0043934863
    0.0046655943
    0.0049546442
    0.0052451142
    0.0055244977
    0.0057828681
    0.0060125417
    0.0062078271
    0.0063648400
    0.0064813546
    0.0065567736
    0.0065920935
    0.0065899390
    0.0065546927
    0.0064926195
    0.0064121348
    0.0063241140
    0.0062423127
    0.0061839293
    0.0061702752
    0.0062276072
    0.0031815760
    0.0035364399
    0.0039048644
    0.0042727242
    0.0046282191
    0.0049616582
    0.0052652212
    0.0055328070
    0.0057598653
    0.0059433090
    0.0060814370
    0.0061739009
    0.0062217180
    0.0062273196
    0.0061946351
    0.0061292288
    0.0060384951
    0.0059319019
    0.0058213373
    0.0057215059
    0.0056504374
    0.0056300416
    0.0056867201
    0.0024064268
    0.0028824421
    0.0033423344
    0.0037775664
    0.0041808060
    0.0045459412
    0.0048680588
    0.0051434149
    0.0053694050
    0.0055445599
    0.0056685351
    0.0057421431
    0.0057673937
    0.0057475806
    0.0056873756
    0.0055929726
    0.0054722885
    0.0053351602
    0.0051936412
    0.0050623003
    0.0049585304
    0.0049028337
    0.0012620962
    0.0018584083
    0.0024171655
    0.0029338629
    0.0034042327
    0.0038245039
    0.0041915322
    0.0045029219
    0.0047570779
    0.0049532696
    0.0050916918
    0.0051734980
    0.0052008794
    0.0051771444
    0.0051068000
    0.0049956846
    0.0048510810
    0.0046818858
    0.0044987261
    0.0043141051
    0.0041424417
    0.0039999159
   -0.0000517650
    0.0006802141
    0.0013507911
    0.0019597272
    0.0025060202
    0.0029883632
    0.0034054867
    0.0037564210
    0.0040406466
    0.0042582361
    0.0044099754
    0.0044974199
    0.0045230134
    0.0044901404
    0.0044032200
    0.0042677850
    0.0040905275
    0.0038793618
    0.0036433967
    0.0033927928
    0.0031384636
   -0.0009935460
   -0.0001603869
    0.0005866958
    0.0012509763
    0.0018342898
    0.0023376662
    0.0027617611
    0.0031072034
    0.0033748464
    0.0035659390
    0.0036822923
    0.0037263589
    0.0037013434
    0.0036112635
    0.0034609576
    0.0032560906
    0.0030030662
    0.0027088036
    0.0023803530
    0.0020241533
   -0.0017400985
   -0.0008412323
   -0.0000512201
    0.0006357084
    0.0012235114
    0.0017150276
    0.0021124990
    0.0024179410
    0.0026334441
    0.0027613683
    0.0028044899
    0.0027661033
    0.0026500209
    0.0024605558
    0.0022023517
    0.0018800875
    0.0014979668
    0.0010588082
   -0.0026734376
   -0.0017026814
   -0.0008654545
   -0.0001535333
    0.0004390722
    0.0009168693
    0.0012834931
    0.0015421256
    0.0016958174
    0.0017476950
    0.0017010352
    0.0015592552
    0.0013257687
    0.0010036147
    0.0005948887
    0.0000997289
   -0.0004851757
   -0.0043728382
   -0.0032324746
   -0.0022616255
   -0.0014476964
   -0.0007813762
   -0.0002556812
    0.0001348257
    0.0003945927
    0.0005274587
    0.0005368853
    0.0004259410
    0.0001971412
   -0.0001480382
   -0.0006099729
   -0.0011921754
   -0.0050733355
   -0.0039183116
   -0.0029629740
   -0.0021937031
   -0.0016003165
   -0.0011751479
   -0.0009123147
   -0.0008072851
   -0.0008567034
   -0.0010585408
   -0.0014126761
   -0.0019219088
   -0.0025936598
   -0.0053285898
   -0.0042850480
   -0.0034744916
   -0.0028845352
   -0.0025061756
   -0.0023331378
   -0.0023616434
   -0.0025906220
   -0.0030226013
   -0.0036653150
   -0.0059010993
   -0.0050079921
   -0.0044028066
   -0.0040757348
   -0.0040213925
   -0.0042391720
   -0.0047344487
   -0.0065362331
   -0.0060187847
   -0.0058867077
   -0.0061416245
