   -0.0053444166
   -0.0079709637
    0.0003690830
   -0.0044643791
   -0.0105124367
   -0.0140043952
   -0.0133210325
   -0.0086958603
   -0.0145887303
   -0.0183206622
   -0.0193067970
   -0.0175472603
   -0.0075175213
   -0.0141389451
   -0.0193113679
   -0.0225820485
   -0.0237370599
   -0.0227781453
   -0.0199121973
   -0.0100688930
   -0.0165831431
   -0.0217469247
   -0.0253285308
   -0.0271940716
   -0.0273046844
   -0.0257290945
   -0.0226513837
   -0.0125516760
   -0.0188731553
   -0.0239385365
   -0.0276245422
   -0.0298455162
   -0.0305595686
   -0.0297832700
   -0.0276059739
   -0.0241984076
   -0.0117919150
   -0.0183697948
   -0.0238173872
   -0.0280603109
   -0.0310338146
   -0.0326880255
   -0.0330009231
   -0.0319921550
   -0.0297345689
   -0.0263632330
   -0.0122064427
   -0.0187718994
   -0.0242851002
   -0.0287053227
   -0.0319863195
   -0.0340830114
   -0.0349632136
   -0.0346199971
   -0.0330818253
   -0.0304207845
   -0.0267588017
   -0.0117032745
   -0.0183284355
   -0.0239721900
   -0.0286131123
   -0.0322168821
   -0.0347421063
   -0.0361508848
   -0.0364198159
   -0.0355494512
   -0.0335711354
   -0.0305514992
   -0.0265943537
   -0.0154952216
   -0.0215491133
   -0.0266800690
   -0.0308654321
   -0.0340690613
   -0.0362493546
   -0.0373693445
   -0.0374060407
   -0.0363575720
   -0.0342478350
   -0.0311273232
   -0.0270686268
   -0.0153942907
   -0.0213975141
   -0.0265422023
   -0.0308045275
   -0.0341475651
   -0.0365273022
   -0.0379017088
   -0.0382390970
   -0.0375251772
   -0.0357667367
   -0.0329919381
   -0.0292430483
   -0.0245529899
   -0.0104135569
   -0.0169090379
   -0.0226293770
   -0.0275484649
   -0.0316316744
   -0.0348345040
   -0.0371075196
   -0.0384045084
   -0.0386899146
   -0.0379447939
   -0.0361698706
   -0.0333836105
   -0.0296111393
   -0.0248498488
   -0.0128008211
   -0.0188826263
   -0.0242585317
   -0.0288814291
   -0.0327009042
   -0.0356610928
   -0.0377051166
   -0.0387821459
   -0.0388541621
   -0.0379010834
   -0.0359224545
   -0.0329330924
   -0.0289457767
   -0.0145688124
   -0.0203046880
   -0.0254052861
   -0.0297974320
   -0.0334115058
   -0.0361777636
   -0.0380295565
   -0.0389098145
   -0.0387772640
   -0.0376113462
   -0.0354126964
   -0.0321967308
   -0.0279708247
   -0.0147019010
   -0.0202329444
   -0.0252297717
   -0.0295825034
   -0.0331953369
   -0.0359789686
   -0.0378516152
   -0.0387442634
   -0.0386074586
   -0.0374162660
   -0.0351720986
   -0.0318964616
   -0.0276097752
   -0.0121723015
   -0.0175782306
   -0.0226682949
   -0.0272647703
   -0.0312236977
   -0.0344203194
   -0.0367434996
   -0.0380979989
   -0.0384109697
   -0.0376389841
   -0.0357731640
   -0.0328388312
   -0.0288854647
   -0.0112375402
   -0.0162228671
   -0.0211459280
   -0.0257571624
   -0.0298469876
   -0.0332370394
   -0.0357729796
   -0.0373245880
   -0.0377921977
   -0.0371161510
   -0.0352852010
   -0.0323408065
   -0.0283743257
   -0.0002204821
   -0.0029860681
   -0.0062488579
   -0.0100980236
   -0.0144321963
   -0.0190184483
   -0.0235692322
   -0.0277991137
   -0.0314493089
   -0.0342933451
   -0.0361398118
   -0.0368411025
   -0.0363071287
   -0.0345205064
   -0.0315481784
   -0.0275490016
   -0.0045040802
   -0.0074702746
   -0.0108146980
   -0.0146332145
   -0.0188312468
   -0.0231596634
   -0.0272883420
   -0.0308725860
   -0.0335930379
   -0.0351807514
   -0.0354422859
   -0.0342892866
   -0.0317674475
   -0.0280795577
   -0.0107567363
   -0.0141497902
   -0.0179866957
   -0.0221221419
   -0.0262177440
   -0.0298148276
   -0.0324348545
   -0.0336681356
   -0.0332549229
   -0.0311648140
   -0.0276595569
   -0.0143892851
   -0.0179174543
   -0.0219567430
   -0.0260318491
   -0.0294070295
   -0.0312627032
   -0.0309923202
   -0.0285179037
   -0.0245026086
   -0.0196938592
   -0.0238775501
   -0.0275277537
   -0.0285121359
   -0.0257588996
   -0.0204680588
   -0.0247365221
   -0.0238746254
   -0.0130282070
   -0.0101460147
   -0.0068435403
   -0.0182162159
   -0.0141465899
   -0.0101154440
   -0.0064820183
   -0.0033100540
   -0.0005217002
   -0.0213690965
   -0.0161997650
   -0.0116013890
   -0.0076943907
   -0.0044160862
   -0.0016384021
    0.0007766077
    0.0029554431
    0.0234266657
   -0.0181816959
   -0.0130654776
   -0.0088366961
   -0.0053593913
   -0.0024820282
   -0.0000660361
    0.0020142172
    0.0038730673
    0.0056044049
    0.0216980202
    0.0248738435
   -0.0230347644
   -0.0168678573
   -0.0118079747
   -0.0076779532
    0.0042339743
    0.0057047699
    0.0070997861
    0.0084494889
    0.0175049329
    0.0192382706
    0.0216785794
    0.0250562076
   -0.0201929739
   -0.0143129903
    0.0074976569
    0.0086003752
    0.0096727858
    0.0106762295
    0.0115662880
    0.0123105597
    0.0140236932
    0.0143822484
    0.0148622032
    0.0155527092
    0.0165530214
    0.0179797216
    0.0199791696
    0.0227509487
    0.0265929700
   -0.0180947264
    0.0079366508
    0.0088034218
    0.0096818457
    0.0105310912
    0.0113047852
    0.0119699142
    0.0125166018
    0.0129597994
    0.0133349869
    0.0136906864
    0.0140810718
    0.0145623296
    0.0151947533
    0.0160501728
    0.0172218069
    0.0188345191
    0.0210585551
    0.0241369327
    0.0088165409
    0.0094978483
    0.0102145150
    0.0109140112
    0.0115538591
    0.0121146801
    0.0126026857
    0.0130443539
    0.0134765234
    0.0216336368
    0.0246864487
    0.0095903781
    0.0101854877
    0.0108071000
    0.0114113861
    0.0119811696
    0.0125255556
    0.0130704059
    0.0096021779
    0.0101315340
    0.0107237891
    0.0113425132
    0.0119815328
    0.0093658869
    0.0098868928
    0.0105136336
    0.0112226329
    0.0087870540
    0.0093160506
    0.0100076533
    0.0082259911
    0.0089013335
    0.0070036523
    0.0076730389
    0.0060217982
    0.0068982425
   -0.0233299317
    0.0043324665
    0.0052772622
   -0.0094225521
   -0.0214131726
   -0.0159745629
    0.0020359146
    0.0031609419
   -0.0114784363
   -0.0175595157
   -0.0221299992
   -0.0184883523
   -0.0139910722
   -0.0095943154
   -0.0007640497
    0.0008686781
    0.0023087169
   -0.0089408768
   -0.0138346206
   -0.0166533485
   -0.0164348279
   -0.0137286600
   -0.0099319972
   -0.0062351796
   -0.0032334482
   -0.0009698681
    0.0008069495
   -0.0095403357
   -0.0115970461
   -0.0102550684
   -0.0069378546
   -0.0036183415
   -0.0011958470
   -0.0057654743
   -0.0072230522
   -0.0036237766
   -0.0043015152
    0.0144369222
    0.0149059475
    0.0156300693
    0.0166910805
    0.0182309581
    0.0135494670
    0.0137188324
    0.0140209682
    0.0144625998
    0.0150714486
    0.0159031520
    0.0170517157
    0.0186672305
    0.0209884346
    0.0129099957
    0.0129824349
    0.0131558416
    0.0134152384
    0.0137541399
    0.0141782561
    0.0147088909
    0.0153870455
    0.0162790496
    0.0174852215
    0.0191538104
    0.0215043943
    0.0122061716
    0.0123612586
    0.0125848079
    0.0128607744
    0.0131774819
    0.0135304724
    0.0139247619
    0.0143768274
    0.0149164046
    0.0155883781
    0.0164541993
    0.0175916901
    0.0190888830
    0.0210195256
    0.0113318569
    0.0115996275
    0.0119065004
    0.0122374458
    0.0125792864
    0.0129226553
    0.0132638603
    0.0136061646
    0.0139602628
    0.0143437947
    0.0147788862
    0.0152858022
    0.0158678382
    0.0164769738
    0.0169365905
    0.0101890233
    0.0106013049
    0.0110255389
    0.0114471194
    0.0118530899
    0.0122319192
    0.0125748379
    0.0128769883
    0.0131375604
    0.0133584273
    0.0135404233
    0.0136751389
    0.0137283927
    0.0136076752
    0.0131001160
    0.0117613971
    0.0092099868
    0.0097995844
    0.0103598458
    0.0108779652
    0.0113420050
    0.0117403837
    0.0120627553
    0.0123003445
    0.0124445912
    0.0124832232
    0.0123918772
    0.0121181266
    0.0115530848
    0.0104835463
    0.0085215012
    0.0050301159
    0.0079363423
    0.0087207662
    0.0094333655
    0.0100627953
    0.0105972288
    0.0110233224
    0.0113267000
    0.0114913814
    0.0114968064
    0.0113105606
    0.0108745798
    0.0100817947
    0.0087412453
    0.0065379355
    0.0030201153
   -0.0022964859
    0.0058815536
    0.0069679843
    0.0079272923
    0.0087544441
    0.0094394506
    0.0099672785
    0.0103181910
    0.0104671437
    0.0103798864
    0.0100035547
    0.0092497001
    0.0079699724
    0.0059336869
    0.0028414431
   -0.0015487295
   -0.0070950110
    0.0049547868
    0.0062499695
    0.0073319114
    0.0081972962
    0.0088278754
    0.0091936180
    0.0092518951
    0.0089409411
    0.0081657498
    0.0067799749
    0.0045848176
    0.0014024767
   -0.0026897660
   -0.0069960021
    0.0019333460
    0.0038264060
    0.0053644523
    0.0065649721
    0.0074064202
    0.0078380840
    0.0077818040
    0.0071249054
    0.0057132907
    0.0033912206
    0.0001969202
   -0.0032429616
   -0.0055900944
    0.0011833100
    0.0033312681
    0.0049683699
    0.0059950690
    0.0062613463
    0.0055625264
    0.0037054378
    0.0008617814
   -0.0017014119
   -0.0020765461
   -0.0001827278
    0.0023463812
    0.0041540934
    0.0042338115
    0.0019339961
    0.0007764825
    0.0021290286
    0.0086820320
    0.0079731303
    0.0092307051
    0.0102025623
    0.0100481298
    0.0085931126
    0.0066232027
    0.0057012163
    0.0062724394
    0.0076433625
    0.0091219278
    0.0103503447
    0.0112035804
    0.0116424182
    0.0115665641
    0.0107286862
    0.0089029701
    0.0063836883
    0.0041691162
    0.0031835557
    0.0035238796
    0.0047090210
    0.0062373434
    0.0077890241
    0.0091936125
    0.0103731953
    0.0113100022
    0.0120243346
    0.0125473293
    0.0128793441
    0.0129312242
    0.0124684924
    0.0111371752
    0.0087022308
    0.0054635955
    0.0023710199
    0.0004360570
    0.0000179210
    0.0007939258
    0.0022269112
    0.0039050803
    0.0055954252
    0.0071795581
    0.0085971023
    0.0098194137
    0.0108410816
    0.0116773190
    0.0123609576
    0.0129360956
    0.0134459737
    0.0139110741
    0.0142922430
    0.0144367613
    0.0140255479
    0.0125929387
    0.0097496414
    0.0056283926
    0.0011620957
   -0.0023299451
   -0.0040010215
   -0.0038919620
   -0.0026042183
   -0.0007695759
    0.0012052175
    0.0031245975
    0.0049098800
    0.0065302402
    0.0079717912
    0.0092284306
    0.0103015487
    0.0112020928
    0.0119523137
    0.0125861366
    0.0131478892
    0.0136889130
    0.0142605457
    0.0149000847
    0.0156041205
    0.0162815374
    0.0166819567
    0.0163216071
    0.0145059563
    0.0106400208
    0.0048592180
   -0.0056435219
   -0.0030957000
   -0.0006865109
    0.0014992411
    0.0034587971
    0.0052085284
    0.0067628974
    0.0081312089
    0.0093200195
    0.0103372157
    0.0111957728
    0.0119163789
    0.0125287965
    0.0130723651
    0.0135959024
    0.0141567649
    0.0148182086
    0.0156424961
    0.0166753851
    0.0179135976
    0.0192410019
    0.0203163914
    0.0003883912
    0.0025039028
    0.0043547696
    0.0059831885
    0.0074153101
    0.0086664731
    0.0097468970
    0.0106670705
    0.0114418796
    0.0120929957
    0.0126502244
    0.0131522095
    0.0136472362
    0.0141943034
    0.0148641573
    0.0157394516
    0.0169118146
    0.0184718894
    0.0204828880
    0.0229164337
    0.0054390256
    0.0069189386
    0.0082138848
    0.0093382768
    0.0103016343
    0.0111150524
    0.0117951663
    0.0123659398
    0.0128594688
    0.0133166341
    0.0137883946
    0.0143381011
    0.0150449803
    0.0160084939
    0.0173529432
    0.0192311192
    0.0218239760
    0.0078997411
    0.0090595496
    0.0100620963
    0.0109128689
    0.0116224776
    0.0122097006
    0.0127021328
    0.0131360462
    0.0135568314
    0.0140207747
    0.0145988940
    0.0153831674
    0.0164956374
    0.0115938705
    0.0122064356
    0.0127076554
    0.0131306047
    0.0135178471
    0.0139212712
    0.0144045136
   -0.0040045010
   -0.0013853657
    0.0007632553
    0.0025992354
   -0.0075999626
   -0.0043190979
   -0.0017112671
    0.0004012815
    0.0021549294
    0.0036706253
    0.0050709466
   -0.0111536079
   -0.0071252671
   -0.0039762223
   -0.0014663030
    0.0005648515
    0.0022362273
    0.0036481648
    0.0048966628
    0.0060828932
    0.0073197620
   -0.0157155935
   -0.0106442320
   -0.0067537503
   -0.0036936136
   -0.0012451948
    0.0007374236
    0.0023610999
    0.0037135109
    0.0048755311
    0.0059294675
    0.0069647286
    0.0080813708
   -0.0229914345
   -0.0161074047
   -0.0109778070
   -0.0070275631
   -0.0039120118
   -0.0014155496
    0.0006049895
    0.0022525428
    0.0036088905
    0.0047464917
    0.0057363507
    0.0066533866
    0.0075801152
    0.0086085325
   -0.0183108779
   -0.0126841094
   -0.0083688671
   -0.0049760345
   -0.0022634500
   -0.0000729174
    0.0017058857
    0.0031566625
    0.0043496272
    0.0053499394
    0.0062234828
    0.0070408534
    0.0078799181
    0.0088266013
   -0.0233999986
   -0.0165524016
   -0.0113770362
   -0.0073542806
   -0.0041636456
   -0.0016006578
    0.0004716466
    0.0021513097
    0.0035147101
    0.0046274852
    0.0055516683
    0.0063505864
    0.0070921148
    0.0078505883
    0.0087070763
   -0.0243254620
   -0.0173167622
   -0.0119920248
   -0.0078429645
   -0.0045500054
   -0.0019070264
    0.0002247675
    0.0019447346
    0.0033300677
    0.0044467351
    0.0053566136
    0.0061223325
    0.0068103185
    0.0074924425
    0.0082463809
   -0.0212321746
   -0.0150473116
   -0.0102533792
   -0.0064696576
   -0.0034474312
   -0.0010203340
    0.0009282865
    0.0024861359
    0.0037253620
    0.0047112733
    0.0055080493
    0.0061823084
    0.0068049633
    0.0074519748
   -0.0223451137
   -0.0160122026
   -0.0110427359
   -0.0071012135
   -0.0039524936
   -0.0014329857
    0.0005749897
    0.0021618412
    0.0034035332
    0.0043701759
    0.0051314548
    0.0057596507
    0.0063309172
    0.0069268481
   -0.0213611877
   -0.0154369245
   -0.0106463713
   -0.0067935604
   -0.0037067236
   -0.0012512222
    0.0006785979
    0.0021707093
    0.0033049509
    0.0041594918
    0.0048143199
    0.0053522831
    0.0058606239
   -0.0146017159
   -0.0100812315
   -0.0063543531
   -0.0033565406
   -0.0010000630
    0.0008036755
    0.0021424074
    0.0031057841
    0.0037866995
    0.0042794639
   -0.0148815171
   -0.0106594819
   -0.0068870131
   -0.0037752010
   -0.0013514498
    0.0004340275
    0.0016675172
    0.0024538446
    0.0028992578
   -0.0099933134
   -0.0064817503
   -0.0034309337
   -0.0011462860
    0.0003303347
    0.0010719035
   -0.0070287516
   -0.0038616373
   -0.0015512394
   -0.0045797034
    0.0083927484
    0.0054061021
    0.0093442948
    0.0132137101
    0.0133085424
    0.0100437661
    0.0047263324
   -0.0002727305
    0.0166913791
    0.0178962070
    0.0174485366
    0.0154065325
    0.0118248649
    0.0068801608
    0.0010129663
   -0.0048545429
    0.0201425368
    0.0210881733
    0.0211911113
    0.0203990248
    0.0186467777
    0.0158795246
    0.0120661782
    0.0072187209
    0.0014338111
   -0.0050178997
    0.0234113007
    0.0238100022
    0.0237251772
    0.0230600858
    0.0217409686
    0.0197036665
    0.0168906272
    0.0132506007
    0.0087409774
    0.0033374386
   -0.0029385815
    0.0256419820
    0.0257725380
    0.0255483056
    0.0248891450
    0.0237323889
    0.0220213900
    0.0197023701
    0.0167221839
    0.0130261379
    0.0085561605
    0.0032517479
   -0.0029413863
    0.0270478178
    0.0270970567
    0.0268634335
    0.0262850009
    0.0253091023
    0.0238861089
    0.0219678560
    0.0195061287
    0.0164503443
    0.0127445803
    0.0083240916
    0.0031122904
   -0.0029794392
   -0.0100426334
    0.0277962223
    0.0278924991
    0.0277689214
    0.0273757659
    0.0266679241
    0.0256004433
    0.0241288651
    0.0222090915
    0.0197960954
    0.0168417749
    0.0132917182
    0.0090813353
    0.0041309164
   -0.0016588937
   -0.0084092784
    0.0281643891
    0.0280287413
    0.0276600830
    0.0270194242
    0.0260644417
    0.0247522163
    0.0230401301
    0.0208852097
    0.0182422921
    0.0150614310
    0.0112841504
    0.0068388038
    0.0016346075
   -0.0044449224
    0.0279310446
    0.0277119745
    0.0272827891
    0.0266027328
    0.0256274762
    0.0243126111
    0.0226144011
    0.0204890782
    0.0178909657
    0.0147696706
    0.0110664577
    0.0067093568
    0.0016069035
   -0.0043597459
    0.0273553693
    0.0271446828
    0.0267908606
    0.0262427695
    0.0254483222
    0.0243563293
    0.0229176614
    0.0210849277
    0.0188108387
    0.0160455390
    0.0127334851
    0.0088090375
    0.0041907115
   -0.0012261038
   -0.0075782994
    0.0261312729
    0.0257181020
    0.0251950888
    0.0244781391
    0.0234979417
    0.0221930783
    0.0205072233
    0.0183864242
    0.0157761214
    0.0126173839
    0.0088424426
    0.0043687617
   -0.0009084459
   -0.0071257980
    0.0241669371
    0.0235561170
    0.0228383782
    0.0218961883
    0.0206422683
    0.0190033464
    0.0169129043
    0.0143060261
    0.0111143858
    0.0072606053
    0.0026513518
   -0.0028314038
   -0.0093409194
    0.0213876051
    0.0205971281
    0.0196512789
    0.0184060287
    0.0167567563
    0.0146152466
    0.0118988068
    0.0085222320
    0.0043899152
   -0.0006132644
   -0.0066327454
    0.0178213909
    0.0168631305
    0.0156473958
    0.0140038292
    0.0118050609
    0.0089386047
    0.0052918662
    0.0007401654
   -0.0048656919
    0.0136052275
    0.0125417039
    0.0110797387
    0.0090027728
    0.0061428213
    0.0023432431
   -0.0025621265
   -0.0087650401
    0.0079525666
    0.0066000655
    0.0044051055
    0.0011233695
   -0.0034743868
   -0.0011179201
   -0.0025895291
   -0.0043856687
    0.0011603917
   -0.0022124326
   -0.0062963644
   -0.0086489911
   -0.0081780143
   -0.0052008118
   -0.0091653698
   -0.0117357252
   -0.0124857163
   -0.0113789258
   -0.0086790258
   -0.0122959415
   -0.0147137128
   -0.0157480177
   -0.0153664911
   -0.0136710451
   -0.0095241294
   -0.0133614923
   -0.0162458203
   -0.0180408880
   -0.0186845507
   -0.0181862878
   -0.0166260063
   -0.0091669519
   -0.0133158660
   -0.0166813845
   -0.0191567537
   -0.0206752118
   -0.0212079625
   -0.0207669516
   -0.0194082487
   -0.0172330653
   -0.0094829251
   -0.0137360871
   -0.0172903504
   -0.0200704196
   -0.0220229523
   -0.0231150611
   -0.0233369501
   -0.0227060294
   -0.0212710473
   -0.0191152311
   -0.0126963519
   -0.0165869865
   -0.0197993671
   -0.0222883146
   -0.0240193350
   -0.0249700657
   -0.0251336207
   -0.0245224711
   -0.0231722444
   -0.0211451837
   -0.0124841719
   -0.0164899006
   -0.0198759277
   -0.0226070219
   -0.0246531265
   -0.0259904147
   -0.0266040884
   -0.0264918150
   -0.0256668533
   -0.0241610658
   -0.0220278044
   -0.0115114383
   -0.0156813016
   -0.0192820665
   -0.0222847733
   -0.0246626803
   -0.0263915735
   -0.0274519799
   -0.0278320195
   -0.0275303027
   -0.0265583613
   -0.0249427550
   -0.0227266950
   -0.0199717044
   -0.0126803510
   -0.0167124283
   -0.0202047341
   -0.0231325521
   -0.0254716764
   -0.0271990492
   -0.0282948467
   -0.0287451566
   -0.0285443662
   -0.0276971664
   -0.0262198895
   -0.0241409633
   -0.0215004204
   -0.0102704375
   -0.0145569203
   -0.0183512749
   -0.0216286603
   -0.0243651483
   -0.0265367320
   -0.0281203661
   -0.0290961568
   -0.0294496080
   -0.0291737064
   -0.0282703721
   -0.0267508751
   -0.0246351182
   -0.0219485620
   -0.0118569237
   -0.0159343000
   -0.0195433193
   -0.0226575215
   -0.0252512681
   -0.0272990401
   -0.0287766120
   -0.0296629941
   -0.0299425579
   -0.0296066025
   -0.0286544795
   -0.0270933351
   -0.0249360450
   -0.0221955975
   -0.0118318230
   -0.0158592913
   -0.0194526875
   -0.0225803872
   -0.0252129607
   -0.0273217623
   -0.0288796642
   -0.0298626565
   -0.0302517005
   -0.0300343918
   -0.0292058346
   -0.0277683503
   -0.0257291056
   -0.0230939875
   -0.0133230561
   -0.0171422590
   -0.0205491828
   -0.0235059079
   -0.0259776565
   -0.0279317461
   -0.0293380324
   -0.0301704931
   -0.0304089864
   -0.0300405678
   -0.0290600364
   -0.0274690192
   -0.0252723090
   -0.0224690923
   -0.0111385868
   -0.0150674239
   -0.0186514489
   -0.0218371601
   -0.0245789693
   -0.0268357666
   -0.0285699885
   -0.0297482830
   -0.0303430644
   -0.0303340330
   -0.0297093455
   -0.0284656117
   -0.0266059499
   -0.0241344744
   -0.0122058243
   -0.0159493854
   -0.0193802926
   -0.0224322053
   -0.0250487534
   -0.0271801488
   -0.0287820956
   -0.0298164621
   -0.0302527674
   -0.0300697447
   -0.0292564315
   -0.0278119207
   -0.0257428861
   -0.0230570139
   -0.0112421918
   -0.0149146140
   -0.0183548634
   -0.0214726843
   -0.0241924211
   -0.0264487458
   -0.0281846920
   -0.0293515892
   -0.0299104141
   -0.0298335449
   -0.0291063930
   -0.0277278744
   -0.0257091574
   -0.0230691086
   -0.0107708449
   -0.0142920447
   -0.0176697752
   -0.0207872388
   -0.0235443287
   -0.0258549552
   -0.0276448966
   -0.0288517441
   -0.0294261353
   -0.0293341802
   -0.0285597212
   -0.0271056359
   -0.0249939163
   -0.0222635239
   -0.0062112467
   -0.0093619011
   -0.0126644785
   -0.0159719423
   -0.0191376852
   -0.0220268923
   -0.0245201162
   -0.0265137345
   -0.0279202235
   -0.0286700941
   -0.0287149489
   -0.0280312774
   -0.0266236325
   -0.0245271440
   -0.0218092158
   -0.0014390527
   -0.0036048860
   -0.0060611847
   -0.0088278702
   -0.0118438619
   -0.0149860425
   -0.0180970697
   -0.0210107183
   -0.0235683589
   -0.0256275857
   -0.0270673592
   -0.0277928670
   -0.0277415815
   -0.0268899647
   -0.0252599135
   -0.0229247248
   -0.0200159710
   -0.0051557099
   -0.0074983408
   -0.0101263480
   -0.0130067303
   -0.0160244903
   -0.0190040139
   -0.0217412617
   -0.0240322204
   -0.0256932379
   -0.0265763442
   -0.0265835697
   -0.0256813305
   -0.0239141167
   -0.0214160129
   -0.0087568283
   -0.0112918019
   -0.0141076484
   -0.0170626813
   -0.0199253057
   -0.0224113445
   -0.0242344685
   -0.0251536585
   -0.0250155320
   -0.0237930709
   -0.0216166076
   -0.0107104874
   -0.0132387232
   -0.0161179878
   -0.0190276952
   -0.0215201771
   -0.0231057703
   -0.0233950074
   -0.0222488309
   -0.0198949197
   -0.0140207640
   -0.0169111458
   -0.0197294151
   -0.0213105709
   -0.0207115832
   -0.0181311312
   -0.0169841028
   -0.0191285902
   -0.0175579607
   -0.0088027498
   -0.0075467104
   -0.0117093759
   -0.0093794722
   -0.0068496150
   -0.0043728186
   -0.0132992246
   -0.0103159530
   -0.0074746993
   -0.0048849979
   -0.0025648547
   -0.0004854083
   -0.0158184039
   -0.0123488867
   -0.0091799635
   -0.0063711575
   -0.0039121825
   -0.0017603816
    0.0001388859
    0.0018420204
    0.0209276144
   -0.0182563584
   -0.0143090705
   -0.0107929950
   -0.0077285321
   -0.0050835345
   -0.0028056774
   -0.0008372375
    0.0008800941
    0.0024032228
    0.0037841586
    0.0195133070
   -0.0182630034
   -0.0141187425
   -0.0105168706
   -0.0074211524
    0.0037392006
    0.0048905261
    0.0059652837
    0.0069818833
    0.0160028984
    0.0174240449
    0.0192788245
    0.0216765122
   -0.0174840906
   -0.0132994576
    0.0059912203
    0.0068789211
    0.0077245343
    0.0085217739
    0.0092575844
    0.0134440540
    0.0141075722
    0.0149754940
    0.0161135884
    0.0176012987
    0.0195386583
    0.0220564921
   -0.0178412768
    0.0067153073
    0.0074559583
    0.0081689032
    0.0088434064
    0.0094659268
    0.0100261128
    0.0105206356
    0.0109547533
    0.0113420859
    0.0117031108
    0.0120633177
    0.0124517348
    0.0129005874
    0.0134462584
    0.0141314141
    0.0150077558
    0.0161393024
    0.0176067191
    0.0195141878
    0.0220003250
    0.0075555513
    0.0081738846
    0.0087723179
    0.0093367953
    0.0098567326
    0.0103285643
    0.0107567894
    0.0111529896
    0.0115337101
    0.0119180999
    0.0185232724
    0.0206175024
    0.0076709947
    0.0082080571
    0.0087436779
    0.0092632398
    0.0097564105
    0.0102202346
    0.0106593018
    0.0110838043
    0.0115064700
    0.0080612224
    0.0085510040
    0.0090467700
    0.0095374496
    0.0100192796
    0.0104956175
    0.0076043814
    0.0080392266
    0.0085106361
    0.0090049870
    0.0095143146
    0.0100378959
    0.0075221863
    0.0079634153
    0.0084550238
    0.0089875557
    0.0095579134
    0.0072251584
    0.0076951635
    0.0082325777
    0.0088324893
    0.0065531769
    0.0070334633
    0.0075988027
    0.0062563605
    0.0068607536
    0.0050928249
    0.0057124578
   -0.0190846637
    0.0044590507
   -0.0190117311
   -0.0149427234
    0.0034559735
   -0.0186992789
   -0.0152427373
   -0.0116897047
    0.0013030757
    0.0023184662
   -0.0115972269
   -0.0166723036
   -0.0141232111
   -0.0110422466
   -0.0079644768
   -0.0011816040
    0.0002360285
    0.0014274066
   -0.0089635521
   -0.0120571258
   -0.0135909633
   -0.0131884447
   -0.0112366813
   -0.0085236797
   -0.0057622079
   -0.0033706519
   -0.0014673588
    0.0000113621
   -0.0086925831
   -0.0099326307
   -0.0089498694
   -0.0065531097
   -0.0039432818
   -0.0018520618
   -0.0056584292
   -0.0067386975
   -0.0044565913
   -0.0039794170
    0.0127217170
    0.0131051456
    0.0136566983
    0.0144231279
    0.0154771064
    0.0117882083
    0.0119378061
    0.0121736030
    0.0125058484
    0.0129530244
    0.0135453492
    0.0143293935
    0.0153750760
    0.0167871390
    0.0187252862
    0.0111876495
    0.0112979857
    0.0114659345
    0.0116930090
    0.0119844980
    0.0123513982
    0.0128125430
    0.0133971476
    0.0141484002
    0.0151288058
    0.0164287989
    0.0181812697
    0.0106530885
    0.0107927686
    0.0109713699
    0.0111876457
    0.0114427027
    0.0117413495
    0.0120933349
    0.0125147196
    0.0130295050
    0.0136716658
    0.0144879847
    0.0155419965
    0.0169195162
    0.0187359958
    0.0100071976
    0.0101749048
    0.0103676105
    0.0105821125
    0.0108162277
    0.0110697025
    0.0113450946
    0.0116485584
    0.0119905466
    0.0123864432
    0.0128570606
    0.0134288359
    0.0141332353
    0.0150042803
    0.0160713831
    0.0093054330
    0.0095302746
    0.0097671336
    0.0100118340
    0.0102609342
    0.0105120511
    0.0107644594
    0.0110196316
    0.0112815448
    0.0115567808
    0.0118541398
    0.0121835176
    0.0125533781
    0.0129655418
    0.0134046762
    0.0138174785
    0.0085090676
    0.0088094940
    0.0091087259
    0.0094017293
    0.0096844136
    0.0099533043
    0.0102058025
    0.0104405023
    0.0106573118
    0.0108572066
    0.0110412853
    0.0112088807
    0.0113538216
    0.0114576629
    0.0114775409
    0.0113248215
    0.0108286605
    0.0075242872
    0.0079216313
    0.0083038821
    0.0086649610
    0.0090003953
    0.0093060814
    0.0095780846
    0.0098128077
    0.0100069577
    0.0101570877
    0.0102583183
    0.0103018736
    0.0102705924
    0.0101311992
    0.0098216106
    0.0092306695
    0.0081683354
    0.0063283480
    0.0066614614
    0.0071698719
    0.0076397448
    0.0080667693
    0.0084469734
    0.0087758906
    0.0090484161
    0.0092587844
    0.0094001525
    0.0094633204
    0.0094342369
    0.0092894423
    0.0089885709
    0.0084627166
    0.0075977220
    0.0062136452
    0.0040483656
    0.0007680135
    0.0052542349
    0.0059389039
    0.0065523770
    0.0070957564
    0.0075673975
    0.0079633988
    0.0082777397
    0.0085023082
    0.0086263384
    0.0086347669
    0.0085049410
    0.0082008573
    0.0076642528
    0.0068025319
    0.0054757035
    0.0034908806
    0.0006250082
   -0.0032896418
    0.0043659867
    0.0052016163
    0.0059189960
    0.0065258880
    0.0070219454
    0.0074012244
    0.0076529700
    0.0077612003
    0.0077025627
    0.0074418550
    0.0069247586
    0.0060682582
    0.0047525907
    0.0028259309
    0.0001448588
   -0.0033191075
   -0.0073063025
    0.0029507111
    0.0040366912
    0.0049318669
    0.0056561873
    0.0062121636
    0.0065902777
    0.0067708201
    0.0067226565
    0.0063988126
    0.0057293822
    0.0046156044
    0.0029376028
    0.0006020859
   -0.0023392684
   -0.0055198760
    0.0013065606
    0.0027321074
    0.0038650115
    0.0047321076
    0.0053330434
    0.0056443041
    0.0056207559
    0.0051930176
    0.0042653079
    0.0027322670
    0.0005569425
   -0.0020516084
   -0.0044597020
   -0.0057746308
    0.0001814089
    0.0018841025
    0.0031855896
    0.0040529845
    0.0044269445
    0.0042060628
    0.0032592146
    0.0015145860
   -0.0007554676
   -0.0025912807
   -0.0028322685
   -0.0014395068
    0.0005519416
    0.0022163262
    0.0030244353
    0.0025405780
    0.0006475356
   -0.0007169450
    0.0010285958
    0.0009117081
    0.0066971374
    0.0061397073
    0.0071135105
    0.0078972143
    0.0077896987
    0.0066732123
    0.0051771207
    0.0044413743
    0.0048270724
    0.0058588428
    0.0070124666
    0.0080012219
    0.0087106304
    0.0090843938
    0.0090269819
    0.0083686105
    0.0069956613
    0.0051443337
    0.0034797078
    0.0026404024
    0.0027660366
    0.0035756029
    0.0047072718
    0.0059012734
    0.0070123858
    0.0079730007
    0.0087619950
    0.0093828361
    0.0098425082
    0.0101249465
    0.0101588398
    0.0097943855
    0.0088303162
    0.0071458796
    0.0049100240
    0.0026560651
    0.0010247615
    0.0003707815
    0.0006315662
    0.0015082192
    0.0026919352
    0.0039657803
    0.0052044221
    0.0063431719
    0.0073524782
    0.0082237964
    0.0089627605
    0.0095850333
    0.0101115933
    0.0105613863
    0.0109394003
    0.0112183684
    0.0113147029
    0.0110671603
    0.0102445387
    0.0086276726
    0.0061855082
    0.0032467729
    0.0004604897
   -0.0015184744
   -0.0023692006
   -0.0021815889
   -0.0012779371
    0.0000034142
    0.0014177601
    0.0028226030
    0.0041461251
    0.0053559769
    0.0064397485
    0.0073953672
    0.0082274009
    0.0089460756
    0.0095670736
    0.0101110575
    0.0106021276
    0.0110647926
    0.0115183615
    0.0119672401
    0.0123851865
    0.0126922221
    0.0127273496
    0.0122335732
    0.0108949316
    0.0084754408
    0.0050454180
    0.0011297181
   -0.0024332566
   -0.0048911722
   -0.0059248770
   -0.0056879797
   -0.0045896532
   -0.0030482908
   -0.0013639131
    0.0002934916
    0.0018451034
    0.0032622874
    0.0045396348
    0.0056809020
    0.0066929128
    0.0075836653
    0.0083625590
    0.0090413377
    0.0096350181
    0.0101624312
    0.0106462250
    0.0111123345
    0.0115884607
    0.0121011213
    0.0126699739
    0.0132974831
    0.0139512347
    0.0145359629
    0.0148558981
    0.0145823541
   -0.0034399243
   -0.0014607101
    0.0003252951
    0.0019173113
    0.0033307355
    0.0045844182
    0.0056955845
    0.0066784716
    0.0075448473
    0.0083054518
    0.0089715984
    0.0095565727
    0.0100765580
    0.0105512136
    0.0110039439
    0.0114619789
    0.0119560294
    0.0125192637
    0.0131847885
    0.0139802641
    0.0149171441
    0.0159705302
    0.0170432235
    0.0179087174
    0.0009906557
    0.0025223823
    0.0038621509
    0.0050402315
    0.0060797214
    0.0069976167
    0.0078067421
    0.0085180478
    0.0091425728
    0.0096929658
    0.0101844628
    0.0106355103
    0.0110682682
    0.0115090622
    0.0119889050
    0.0125439728
    0.0132157823
    0.0140504160
    0.0150957526
    0.0163944251
    0.0179677792
    0.0197814175
    0.0032008129
    0.0044543804
    0.0055516988
    0.0065184646
    0.0073721333
    0.0081250560
    0.0087874831
    0.0093698658
    0.0098843839
    0.0103458476
    0.0107722586
    0.0111852995
    0.0116109854
    0.0120805610
    0.0126317982
    0.0133105933
    0.0141726704
    0.0152851545
    0.0167272797
    0.0185884006
    0.0059033339
    0.0068207589
    0.0076327585
    0.0083506602
    0.0089832942
    0.0095398915
    0.0100317453
    0.0104730178
    0.0108811693
    0.0112773220
    0.0116868409
    0.0121404813
    0.0126760882
    0.0133411526
    0.0141962018
    0.0153192646
    0.0083885368
    0.0090217018
    0.0095804088
    0.0100734073
    0.0105129984
    0.0109151808
    0.0112996611
    0.0116900736
    0.0121148070
    0.0126087075
    0.0132158913
   -0.0035687345
   -0.0015680549
    0.0001347466
    0.0016299352
    0.0030018509
   -0.0069213127
   -0.0044271074
   -0.0023704498
   -0.0006439815
    0.0008359505
    0.0021404259
    0.0033354744
    0.0044872351
   -0.0101795575
   -0.0071265589
   -0.0046522392
   -0.0026127547
   -0.0009058435
    0.0005458124
    0.0018053021
    0.0029285537
    0.0039690653
    0.0049810119
    0.0060210619
   -0.0144958613
   -0.0106111370
   -0.0075216278
   -0.0050156103
   -0.0029501642
   -0.0012248340
    0.0002348411
    0.0014878593
    0.0025846293
    0.0035715490
    0.0044941151
    0.0053988828
    0.0063344252
   -0.0166276198
   -0.0123375833
   -0.0089455157
   -0.0062075223
   -0.0039608322
   -0.0020931023
   -0.0005233815
    0.0008099270
    0.0019568620
    0.0029610700
    0.0038633175
    0.0047038655
    0.0055240194
    0.0063668243
   -0.0168809479
   -0.0125859278
   -0.0091772071
   -0.0064183785
   -0.0041507722
   -0.0022645323
   -0.0006805268
    0.0006611036
    0.0018084426
    0.0028027590
    0.0036819338
    0.0044827684
    0.0052426050
    0.0060001911
    0.0067958675
   -0.0161676003
   -0.0120628333
   -0.0087796759
   -0.0061072094
   -0.0039019839
   -0.0020634631
   -0.0005184654
    0.0007888751
    0.0019037538
    0.0028651412
    0.0037088491
    0.0044696846
    0.0051828668
    0.0058848851
    0.0066137444
    0.0074085074
   -0.0203726970
   -0.0154114411
   -0.0114897377
   -0.0083301667
   -0.0057452409
   -0.0036055249
   -0.0018190620
   -0.0003180238
    0.0009500426
    0.0020280943
    0.0029535947
    0.0037612831
    0.0044850813
    0.0051593961
    0.0058198452
    0.0065034647
    0.0072484482
   -0.0202952159
   -0.0153952929
   -0.0114977328
   -0.0083450908
   -0.0057601957
   -0.0036191173
   -0.0018328469
   -0.0003351804
    0.0009255151
    0.0019918522
    0.0029012374
    0.0036885275
    0.0043878750
    0.0050338832
    0.0056623220
    0.0063103409
    0.0070166207
   -0.0169915075
   -0.0128012566
   -0.0094126855
   -0.0066389589
   -0.0043473181
   -0.0024418349
   -0.0008511429
    0.0004801677
    0.0015974801
    0.0025403112
    0.0033451883
    0.0040476065
    0.0046833199
    0.0052890633
    0.0059029701
    0.0065653449
   -0.0166851652
   -0.0125846961
   -0.0092418629
   -0.0064946087
   -0.0042229587
   -0.0023375667
   -0.0007702175
    0.0005333928
    0.0016189629
    0.0025273264
    0.0032970706
    0.0039662572
    0.0045734221
    0.0051582328
    0.0057624205
   -0.0204034849
   -0.0157063716
   -0.0118265614
   -0.0086242315
   -0.0059770777
   -0.0037865359
   -0.0019747102
   -0.0004790021
    0.0007529827
    0.0017675755
    0.0026080454
    0.0033165962
    0.0039354995
    0.0045077652
    0.0050782451
   -0.0154351646
   -0.0116752454
   -0.0085097730
   -0.0058713039
   -0.0036873505
   -0.0018916479
   -0.0004256226
    0.0007635992
    0.0017256393
    0.0025087704
    0.0031608788
    0.0037296384
    0.0042628663
   -0.0134261090
   -0.0100688785
   -0.0071735886
   -0.0047443730
   -0.0027461493
   -0.0011303247
    0.0001560071
    0.0011674370
    0.0019592671
    0.0025858747
    0.0030977324
   -0.0116784059
   -0.0086769611
   -0.0059963118
   -0.0037413502
   -0.0019239442
   -0.0005120050
    0.0005470607
    0.0013127712
    0.0018378861
   -0.0089448098
   -0.0063022098
   -0.0039467298
   -0.0020706231
   -0.0007135266
    0.0001499851
   -0.0071650453
   -0.0047089787
   -0.0025968954
   -0.0013519495
   -0.0031119345
    0.0062380758
    0.0042950848
    0.0070891892
    0.0096476861
    0.0095087876
    0.0070787624
    0.0034361185
    0.0003010981
    0.0122518247
    0.0129626791
    0.0124785659
    0.0108807188
    0.0082563228
    0.0047965747
    0.0008879367
   -0.0027910118
    0.0154187189
    0.0153969674
    0.0147400333
    0.0134179361
    0.0114090927
    0.0087166140
    0.0053860173
    0.0015337251
   -0.0026060236
    0.0175506720
    0.0174733516
    0.0170117429
    0.0161147479
    0.0147411857
    0.0128587130
    0.0104450526
    0.0074916709
    0.0040115179
    0.0000544575
   -0.0042647988
    0.0192416701
    0.0191638791
    0.0188476065
    0.0182350851
    0.0172832794
    0.0159563141
    0.0142230088
    0.0120562016
    0.0094329700
    0.0063362879
    0.0027591691
   -0.0012863258
   -0.0057514622
    0.0205302162
    0.0204062599
    0.0201063053
    0.0195803874
    0.0187909409
    0.0177057388
    0.0162954519
    0.0145326708
    0.0123912898
    0.0098460006
    0.0068724723
    0.0034484234
   -0.0004429136
   -0.0048049652
    0.0214469629
    0.0213193813
    0.0210511758
    0.0206022061
    0.0199406547
    0.0190380510
    0.0178676241
    0.0164037685
    0.0146214661
    0.0124956211
    0.0100003333
    0.0071083915
    0.0037910452
    0.0000189547
   -0.0042345754
    0.0219789274
    0.0217922627
    0.0214655097
    0.0209718208
    0.0202856867
    0.0193821912
    0.0182370569
    0.0168265883
    0.0151271583
    0.0131146322
    0.0107635868
    0.0080463419
    0.0049322141
    0.0013869532
   -0.0026268388
   -0.0071471917
    0.0222938965
    0.0221327937
    0.0218508759
    0.0214286762
    0.0208441942
    0.0200741599
    0.0190952001
    0.0178842653
    0.0164185315
    0.0146749322
    0.0126295237
    0.0102565174
    0.0075272952
    0.0044092898
    0.0008649703
   -0.0031486550
   -0.0076791918
    0.0221862582
    0.0219211099
    0.0215371940
    0.0210149640
    0.0203316808
    0.0194637028
    0.0183875956
    0.0170802583
    0.0155187685
    0.0136796806
    0.0115381946
    0.0090672124
    0.0062360998
    0.0030093817
   -0.0006545662
   -0.0048043866
    0.0217733361
    0.0214155726
    0.0209478481
    0.0203458365
    0.0195837470
    0.0186360124
    0.0174779122
    0.0160852631
    0.0144340709
    0.0124995981
    0.0102554780
    0.0076724746
    0.0047172238
    0.0013506377
   -0.0024735972
   -0.0068101445
    0.0211679549
    0.0207387917
    0.0202201211
    0.0195790141
    0.0187840914
    0.0178059340
    0.0166168673
    0.0151904044
    0.0135004743
    0.0115203558
    0.0092215851
    0.0065726322
    0.0035373577
    0.0000733326
   -0.0038699067
   -0.0083521093
    0.0200461051
    0.0194993446
    0.0188680559
    0.0181073668
    0.0171789941
    0.0160489481
    0.0146860382
    0.0130605465
    0.0111428944
    0.0089022609
    0.0063051207
    0.0033135296
   -0.0001166991
   -0.0040379103
   -0.0085121890
    0.0189800479
    0.0183321979
    0.0176473836
    0.0168545053
    0.0159003747
    0.0147413231
    0.0133391316
    0.0116583905
    0.0096645352
    0.0073219337
    0.0045919901
    0.0014311804
   -0.0022110852
   -0.0063944785
    0.0168157040
    0.0160449263
    0.0151916484
    0.0141786321
    0.0129476852
    0.0114503292
    0.0096429013
    0.0074833299
    0.0049284878
    0.0019316334
   -0.0015599723
   -0.0056073191
    0.0142364928
    0.0133282018
    0.0122736858
    0.0109888230
    0.0094082606
    0.0074755030
    0.0051373967
    0.0023401480
   -0.0009739948
   -0.0048694941
    0.0115436968
    0.0105246014
    0.0093038666
    0.0077779752
    0.0058658811
    0.0034962136
    0.0006002783
   -0.0028927251
   -0.0070586822
    0.0081447271
    0.0069775162
    0.0054722836
    0.0035104232
    0.0009928742
   -0.0021717656
   -0.0060731035
    0.0044262726
    0.0031737904
    0.0013741309
   -0.0011153914
   -0.0044208506
    0.0015134064
   -0.0009246938
   -0.0037977791
   -0.0054392636
   -0.0050886241
   -0.0031181962
   -0.0058919409
   -0.0077126007
   -0.0082685379
   -0.0075145312
   -0.0054929396
   -0.0080764320
   -0.0098623781
   -0.0107012946
   -0.0105507970
   -0.0094616669
   -0.0057033464
   -0.0085207431
   -0.0107397818
   -0.0122394811
   -0.0129544090
   -0.0128708186
   -0.0120228744
   -0.0075794083
   -0.0102801019
   -0.0124333247
   -0.0139653652
   -0.0148330751
   -0.0150223663
   -0.0145479916
   -0.0134528038
   -0.0091269033
   -0.0117472302
   -0.0138671753
   -0.0154374982
   -0.0164269834
   -0.0168219924
   -0.0166271723
   -0.0158664243
   -0.0145833640
   -0.0086192047
   -0.0114425915
   -0.0138334875
   -0.0157490565
   -0.0171583249
   -0.0180413350
   -0.0183895741
   -0.0182070773
   -0.0175117325
   -0.0163363952
   -0.0147295956
   -0.0103245173
   -0.0130075011
   -0.0152766832
   -0.0171020081
   -0.0184607598
   -0.0193374011
   -0.0197242267
   -0.0196225545
   -0.0190438728
   -0.0180110910
   -0.0165596891
   -0.0098380856
   -0.0126497914
   -0.0150860651
   -0.0171204714
   -0.0187317354
   -0.0199033040
   -0.0206237287
   -0.0208875942
   -0.0206965190
   -0.0200602538
   -0.0189976693
   -0.0175377750
   -0.0087120533
   -0.0116827731
   -0.0143134140
   -0.0165793469
   -0.0184601222
   -0.0199385804
   -0.0210008987
   -0.0216371884
   -0.0218423931
   -0.0216171034
   -0.0209685069
   -0.0199110367
   -0.0184671074
   -0.0166678331
   -0.0087685498
   -0.0117445747
   -0.0144007903
   -0.0167150707
   -0.0186685975
   -0.0202449969
   -0.0214302899
   -0.0222133501
   -0.0225867063
   -0.0225472715
   -0.0220970234
   -0.0212435628
   -0.0200004768
   -0.0183874862
   -0.0164304713
   -0.0088216827
   -0.0117895733
   -0.0144563581
   -0.0168008791
   -0.0188049599
   -0.0204523814
   -0.0217288153
   -0.0226221803
   -0.0231232646
   -0.0232264231
   -0.0229301616
   -0.0222375180
   -0.0211562218
   -0.0196984586
   -0.0178801829
   -0.0107702740
   -0.0135422422
   -0.0160171964
   -0.0181756632
   -0.0200003054
   -0.0214754890
   -0.0225873196
   -0.0233241764
   -0.0236772900
   -0.0236412672
   -0.0232145501
   -0.0223995258
   -0.0212022319
   -0.0196315291
   -0.0176972954
   -0.0105466052
   -0.0133240076
   -0.0158237204
   -0.0180244844
   -0.0199075553
   -0.0214559401
   -0.0226544095
   -0.0234897719
   -0.0239513967
   -0.0240318057
   -0.0237269260
   -0.0230363119
   -0.0219627242
   -0.0205111802
   -0.0186867885
   -0.0101282505
   -0.0129150308
   -0.0154458604
   -0.0176962205
   -0.0196447697
   -0.0212723817
   -0.0225618477
   -0.0234980249
   -0.0240682750
   -0.0242629520
   -0.0240757837
   -0.0235039981
   -0.0225479549
   -0.0212102485
   -0.0194935382
   -0.0085029434
   -0.0113695476
   -0.0140181897
   -0.0164171693
   -0.0185398271
   -0.0203628355
   -0.0218653560
   -0.0230288482
   -0.0238372623
   -0.0242774985
   -0.0243397586
   -0.0240178799
   -0.0233092677
   -0.0222142928
   -0.0207347894
   -0.0188712272
   -0.0104376103
   -0.0131179766
   -0.0155791099
   -0.0177875545
   -0.0197145692
   -0.0213348499
   -0.0226260367
   -0.0235686594
   -0.0241464250
   -0.0243466704
   -0.0241607134
   -0.0235839053
   -0.0226152704
   -0.0212563628
   -0.0195089354
   -0.0091210971
   -0.0118254778
   -0.0143551608
   -0.0166664249
   -0.0187221056
   -0.0204900883
   -0.0219422144
   -0.0230539720
   -0.0238045840
   -0.0241773476
   -0.0241601407
   -0.0237456265
   -0.0229311775
   -0.0217182101
   -0.0201105459
   -0.0181114646
   -0.0090934278
   -0.0117225665
   -0.0142077127
   -0.0164960546
   -0.0185423066
   -0.0203073052
   -0.0217570273
   -0.0228620971
   -0.0235979655
   -0.0239451849
   -0.0238900347
   -0.0234247872
   -0.0225477764
   -0.0212628489
   -0.0195780089
   -0.0065536190
   -0.0091341827
   -0.0116744130
   -0.0141031325
   -0.0163571985
   -0.0183813928
   -0.0201276974
   -0.0215544757
   -0.0226262196
   -0.0233136863
   -0.0235944395
   -0.0234535322
   -0.0228840359
   -0.0218872774
   -0.0204725918
   -0.0186566698
   -0.0056646831
   -0.0080781037
   -0.0105307154
   -0.0129416047
   -0.0152333232
   -0.0173350736
   -0.0191838441
   -0.0207245457
   -0.0219099859
   -0.0227012438
   -0.0230683959
   -0.0229914883
   -0.0224615649
   -0.0214814620
   -0.0200663660
   -0.0182443663
    0.0004364855
   -0.0011828369
   -0.0030030360
   -0.0050289281
   -0.0072285540
   -0.0095406474
   -0.0118854860
   -0.0141755357
   -0.0163237837
   -0.0182487761
   -0.0198773479
   -0.0211461110
   -0.0220026252
   -0.0224068855
   -0.0223330191
   -0.0217710579
   -0.0207287235
   -0.0192330569
   -0.0173326999
   -0.0018751025
   -0.0035552854
   -0.0054240551
   -0.0074765961
   -0.0096698299
   -0.0119289685
   -0.0141591418
   -0.0162575089
   -0.0181228564
   -0.0196621397
   -0.0207949643
   -0.0214570707
   -0.0216037637
   -0.0212134145
   -0.0202909678
   -0.0188712590
   -0.0170227389
   -0.0054621070
   -0.0073588651
   -0.0094300576
   -0.0116123493
   -0.0138054348
   -0.0158855345
   -0.0177212929
   -0.0191876851
   -0.0201769239
   -0.0206074513
   -0.0204320835
   -0.0196455880
   -0.0182914367
   -0.0164671096
   -0.0075508506
   -0.0095225061
   -0.0116527173
   -0.0138184953
   -0.0158544553
   -0.0175755112
   -0.0188044985
   -0.0193981363
   -0.0192701955
   -0.0184115312
   -0.0169050315
   -0.0085439747
   -0.0104793359
   -0.0126227085
   -0.0147426942
   -0.0165454391
   -0.0177262394
   -0.0180449456
   -0.0174024920
   -0.0158998831
   -0.0107083167
   -0.0128360126
   -0.0149233400
   -0.0162824556
   -0.0163159176
   -0.0149192933
   -0.0125982120
   -0.0146469401
   -0.0137045102
   -0.0133286080
   -0.0085535849
   -0.0074506812
   -0.0059250803
   -0.0096164687
   -0.0077602928
   -0.0058355020
   -0.0039591919
   -0.0112422479
   -0.0090647692
   -0.0069390482
   -0.0049425821
   -0.0031061259
   -0.0014317648
   -0.0136301264
   -0.0111506198
   -0.0087818017
   -0.0065908176
   -0.0046015836
   -0.0028122111
   -0.0012066839
    0.0002381451
    0.0015481428
   -0.0131544820
   -0.0105233329
   -0.0081165100
   -0.0059508498
   -0.0040203708
   -0.0023071545
   -0.0007872298
    0.0005664376
    0.0017819753
    0.0028864732
    0.0163342253
   -0.0136358977
   -0.0108590547
   -0.0083577805
   -0.0061306765
    0.0026674482
    0.0036276649
    0.0045131874
    0.0053401217
    0.0148108811
    0.0160047898
    0.0174675783
   -0.0138203451
   -0.0109397596
    0.0043710639
    0.0051323814
    0.0058473701
    0.0065220588
    0.0123347382
    0.0129613645
    0.0137340629
    0.0146902480
    0.0158725283
    0.0173294639
   -0.0152018249
    0.0054386647
    0.0060687433
    0.0066670992
    0.0072336356
    0.0077653315
    0.0082586777
    0.0087116371
    0.0091249250
    0.0101847463
    0.0105131677
    0.0108532091
    0.0112225420
    0.0116410731
    0.0121314297
    0.0127196648
    0.0134360536
    0.0143160220
    0.0154012166
    0.0167407353
    0.0058370666
    0.0063868383
    0.0069141292
    0.0074173656
    0.0078930979
    0.0083382758
    0.0087518333
    0.0091355213
    0.0094940760
    0.0098349121
    0.0101675508
    0.0105031243
    0.0108541307
    0.0142784187
    0.0153208877
    0.0166058414
    0.0065484915
    0.0070225532
    0.0074808402
    0.0079197820
    0.0083366728
    0.0087309688
    0.0091047623
    0.0094625691
    0.0098107274
    0.0101566776
    0.0063987533
    0.0068358984
    0.0072674313
    0.0076899529
    0.0081003285
    0.0084972243
    0.0088816047
    0.0092565043
    0.0096262294
    0.0066380119
    0.0070468773
    0.0074569156
    0.0078649581
    0.0082692097
    0.0086698493
    0.0090686764
    0.0066440411
    0.0070437857
    0.0074525797
    0.0078680795
    0.0082893535
    0.0062853630
    0.0066800719
    0.0070931907
    0.0075229296
    0.0079681481
    0.0061837554
    0.0066024593
    0.0070465712
    0.0057761587
    0.0062183560
    0.0066921032
    0.0052681130
    0.0057427851
    0.0049120614
    0.0039223939
    0.0044908053
   -0.0156247068
    0.0030046715
    0.0036402184
   -0.0141176148
    0.0017718351
    0.0025137898
   -0.0147522484
   -0.0124616352
   -0.0100021249
    0.0003948212
    0.0013032868
   -0.0093286870
   -0.0136060121
   -0.0120804085
   -0.0100163599
   -0.0077725018
   -0.0056151588
   -0.0020959377
   -0.0007777175
    0.0003081904
   -0.0069142072
   -0.0093162314
   -0.0108369437
   -0.0111175568
   -0.0102043198
   -0.0084762584
   -0.0064098858
   -0.0043882822
   -0.0026280819
   -0.0011951721
   -0.0065267076
   -0.0081642317
   -0.0083815439
   -0.0072191559
   -0.0053064350
   -0.0033391254
   -0.0017441487
   -0.0057571666
   -0.0059066017
   -0.0040923893
   -0.0035898965
    0.0117558899
    0.0122346286
    0.0128642274
    0.0106026987
    0.0108267496
    0.0111191521
    0.0114942769
    0.0119723894
    0.0125819542
    0.0133628908
    0.0143715042
    0.0156883054
    0.0099474838
    0.0100972208
    0.0102868334
    0.0105222893
    0.0108120731
    0.0111682730
    0.0116078628
    0.0121543510
    0.0128400842
    0.0137096559
    0.0148250903
    0.0162741993
    0.0094179328
    0.0095503180
    0.0097080276
    0.0098937005
    0.0101111805
    0.0103662042
    0.0106671011
    0.0110256210
    0.0114578620
    0.0119855450
    0.0126377027
    0.0134530921
    0.0144836103
    0.0157994307
    0.0088992468
    0.0090372670
    0.0091908950
    0.0093610205
    0.0095491262
    0.0097577036
    0.0099907271
    0.0102541229
    0.0105562487
    0.0109083997
    0.0113254255
    0.0118263832
    0.0124352964
    0.0131818936
    0.0141021167
    0.0083140571
    0.0084710331
    0.0086362434
    0.0088094076
    0.0089905585
    0.0091802434
    0.0093797828
    0.0095915746
    0.0098193715
    0.0100685377
    0.0103462106
    0.0106614021
    0.0110249079
    0.0114488966
    0.0119458239
    0.0125260909
    0.0131930869
    0.0077483041
    0.0079410208
    0.0081354421
    0.0083304082
    0.0085252156
    0.0087195186
    0.0089134448
    0.0091077856
    0.0093041429
    0.0095050096
    0.0097137743
    0.0099344704
    0.0101712634
    0.0104274583
    0.0107035637
    0.0109938944
    0.0112805024
    0.0115224383
    0.0071745154
    0.0074118680
    0.0076435189
    0.0078678030
    0.0080835738
    0.0082899606
    0.0084863588
    0.0086725134
    0.0088485580
    0.0090149822
    0.0091723853
    0.0093209735
    0.0094596076
    0.0095841527
    0.0096846827
    0.0097408993
    0.0097146004
    0.0095377019
    0.0090938156
    0.0065236748
    0.0068153678
    0.0070924471
    0.0073531202
    0.0075960453
    0.0078199925
    0.0080237412
    0.0082060941
    0.0083658170
    0.0085014530
    0.0086109178
    0.0086906383
    0.0087341681
    0.0087299061
    0.0086574182
    0.0084817973
    0.0081451893
    0.0075546469
    0.0065664406
    0.0056392929
    0.0060096863
    0.0063538746
    0.0066707026
    0.0069591213
    0.0072178767
    0.0074453924
    0.0076396819
    0.0077982840
    0.0079180191
    0.0079944208
    0.0080207743
    0.0079864251
    0.0078741704
    0.0076562671
    0.0072886103
    0.0067027949
    0.0057964172
    0.0044238003
    0.0023936053
    0.0046723224
    0.0051489504
    0.0055793475
    0.0059659226
    0.0063093489
    0.0066090599
    0.0068634189
    0.0070697675
    0.0072242897
    0.0073216613
    0.0073542793
    0.0073108592
    0.0071741983
    0.0069178097
    0.0065011362
    0.0058634291
    0.0049171694
    0.0035438011
    0.0015984277
   -0.0010650282
    0.0040093675
    0.0045771762
    0.0050731134
    0.0055034803
    0.0058704572
    0.0061734267
    0.0064095148
    0.0065736295
    0.0066580816
    0.0066516009
    0.0065375240
    0.0062909742
    0.0058748954
    0.0052351691
    0.0042961715
    0.0029601579
    0.0011174542
   -0.0013217148
   -0.0043641107
    0.0028242718
    0.0035683430
    0.0041965528
    0.0047249417
    0.0051604486
    0.0055039697
    0.0057518079
    0.0058960344
    0.0059238933
    0.0058162107
    0.0055446665
    0.0050680231
    0.0043283574
    0.0032500823
    0.0017478842
   -0.0002463268
   -0.0027277885
   -0.0055399398
    0.0021723043
    0.0030269106
    0.0037235227
    0.0042796008
    0.0047004907
    0.0049822724
    0.0051129184
    0.0050717006
    0.0048270804
    0.0043336424
    0.0035302771
    0.0023453686
    0.0007197820
   -0.0013396403
   -0.0036781298
   -0.0059314334
    0.0005969866
    0.0017559853
    0.0026770984
    0.0033836677
    0.0038831893
    0.0041669106
    0.0042105231
    0.0039734335
    0.0033981069
    0.0024164592
    0.0009792794
   -0.0008701735
   -0.0028863087
   -0.0045762127
   -0.0005489001
    0.0008576817
    0.0019590508
    0.0027347444
    0.0031606649
    0.0031880748
    0.0027421594
    0.0017454622
    0.0002086110
   -0.0015750834
   -0.0029052565
   -0.0030640753
   -0.0020325031
   -0.0004672823
    0.0009694116
    0.0019014738
    0.0020907118
    0.0013266778
   -0.0002661990
   -0.0013522962
   -0.0003785063
    0.0009850336
    0.0002090989
    0.0053642737
    0.0049183058
    0.0056907960
    0.0063276101
    0.0062422590
    0.0053628418
    0.0042013422
    0.0036097604
    0.0038791050
    0.0046768976
    0.0055988691
    0.0064074111
    0.0069960304
    0.0073035977
    0.0072475391
    0.0067122932
    0.0056472904
    0.0042457400
    0.0029726482
    0.0022791869
    0.0022996377
    0.0028676128
    0.0037247340
    0.0046643191
    0.0055616496
    0.0063545062
    0.0070184670
    0.0075475350
    0.0079370732
    0.0081656662
    0.0081766747
    0.0078696619
    0.0071248075
    0.0058837819
    0.0042637060
    0.0025968393
    0.0012987278
    0.0006463989
    0.0006664421
    0.0012003874
    0.0020373324
    0.0030020700
    0.0039790356
    0.0049024237
    0.0057394460
    0.0064774612
    0.0071160771
    0.0076621431
    0.0081254434
    0.0085134386
    0.0088237496
    0.0090338567
    0.0090890333
    0.0088935957
    0.0083179983
    0.0072404432
    0.0056303979
    0.0036373724
    0.0016007735
   -0.0000710408
   -0.0010833876
   -0.0013618736
   -0.0010228868
   -0.0002677102
    0.0007106491
    0.0017699113
    0.0028211797
    0.0038153886
    0.0047286255
    0.0055516115
    0.0062835044
    0.0069287553
    0.0074955984
    0.0079950880
    0.0084399559
    0.0088427850
    0.0092129490
    0.0095517212
    0.0098449897
    0.0100532016
    0.0101000934
    0.0098654910
    0.0091944554
    0.0079401420
    0.0060472064
    0.0036439709
    0.0010683606
   -0.0012288346
   -0.0028622351
   -0.0036534911
   -0.0036514939
   -0.0030489724
   -0.0020744403
   -0.0009203165
    0.0002810689
    0.0014513340
    0.0025499395
    0.0035593421
    0.0044745957
    0.0052971666
    0.0060317638
    0.0066850003
    0.0072650602
    0.0077817578
    0.0082466057
    0.0086726019
    0.0090736960
    0.0094636000
    0.0098536824
    0.0102495012
    0.0106451600
    0.0110148041
    0.0113009865
    0.0114014025
    0.0111605091
    0.0103803304
   -0.0061873974
   -0.0051391219
   -0.0038139783
   -0.0023962352
   -0.0009990891
    0.0003179952
    0.0015296352
    0.0026295195
    0.0036208258
    0.0045107288
    0.0053075719
    0.0060197178
    0.0066553894
    0.0072230212
    0.0077317503
    0.0081918290
    0.0086149141
    0.0090141358
    0.0094039228
    0.0097995380
    0.0102160748
    0.0106666080
    0.0111589782
    0.0116903097
    0.0122382461
    0.0127477595
    0.0131136083
    0.0131627617
   -0.0027657383
   -0.0012219887
    0.0001722580
    0.0014199720
    0.0025326035
    0.0035243633
    0.0044092740
    0.0051998021
    0.0059066279
    0.0065389947
    0.0071053848
    0.0076142510
    0.0080746411
    0.0084966453
    0.0088917465
    0.0092729784
    0.0096550249
    0.0100541706
    0.0104880017
    0.0109746980
    0.0115315242
    0.0121719157
    0.0129002248
    0.0137024957
    0.0145311611
    0.0005485113
    0.0017693938
    0.0028443912
    0.0037951158
    0.0046398681
    0.0053934316
    0.0060675472
    0.0066717504
    0.0072143734
    0.0077034196
    0.0081472664
    0.0085552051
    0.0089377955
    0.0093071339
    0.0096771152
    0.0100636487
    0.0104848615
    0.0109612442
    0.0115155225
    0.0121720677
    0.0129552882
    0.0138861618
    0.0149752659
    0.0162093832
    0.0031630325
    0.0040739836
    0.0048810165
    0.0056005497
    0.0062448929
    0.0068235604
    0.0073445241
    0.0078152740
    0.0082436084
    0.0086381695
    0.0090088236
    0.0093669386
    0.0097256785
    0.0101003441
    0.0105088011
    0.0109720181
    0.0115146423
    0.0121655644
    0.0129582641
    0.0139306169
    0.0151234417
    0.0165761871
    0.0048915881
    0.0056047066
    0.0062435654
    0.0068183205
    0.0073368116
    0.0078059596
    0.0082327874
    0.0086250594
    0.0089916793
    0.0093429744
    0.0096909422
    0.0100495892
    0.0104354122
    0.0108680744
    0.0113713129
    0.0119741061
    0.0127120731
    0.0136291104
    0.0147792698
    0.0064927017
    0.0070416529
    0.0075392046
    0.0079913191
    0.0084042637
    0.0087852723
    0.0091428827
    0.0094871182
    0.0098297034
    0.0101843432
    0.0105672313
    0.0109978726
    0.0115002381
    0.0121044022
    0.0128486532
    0.0086441494
    0.0090149692
    0.0093660091
    0.0097072980
    0.0100505870
    0.0104095911
    0.0108004801
   -0.0042316802
   -0.0025388228
   -0.0010728416
    0.0002218335
    0.0013943748
    0.0024909355
   -0.0074919879
   -0.0053740454
   -0.0035850177
   -0.0020532797
   -0.0007222912
    0.0004546735
    0.0015184202
    0.0025066666
    0.0034559931
   -0.0106627774
   -0.0080697107
   -0.0059131508
   -0.0040958504
   -0.0025452241
   -0.0012054554
   -0.0000318303
    0.0010132912
    0.0019633444
    0.0028495741
    0.0037024106
    0.0045523085
   -0.0149287145
   -0.0116136376
   -0.0089032483
   -0.0066546269
   -0.0047644258
   -0.0031566309
   -0.0017738205
   -0.0005710817
    0.0004882860
    0.0014357558
    0.0022997372
    0.0031070385
    0.0038838975
    0.0046565327
    0.0054512892
   -0.0141672651
   -0.0110424780
   -0.0084722173
   -0.0063284581
   -0.0045185413
   -0.0029740035
   -0.0016429254
   -0.0004845380
    0.0005345060
    0.0014427712
    0.0022659389
    0.0030281015
    0.0037527141
    0.0044631221
    0.0051827822
    0.0059350659
   -0.0163493419
   -0.0128627650
   -0.0100109579
   -0.0076446884
   -0.0056565791
   -0.0039681065
   -0.0025205857
   -0.0012689194
   -0.0001772437
    0.0007841493
    0.0016409893
    0.0024165935
    0.0031329866
    0.0038116520
    0.0044740359
    0.0051417075
    0.0058362319
   -0.0152802210
   -0.0120294951
   -0.0093500310
   -0.0071125057
   -0.0052229428
   -0.0036119196
   -0.0022269911
   -0.0010274269
    0.0000195008
    0.0009411678
    0.0017614723
    0.0025022130
    0.0031840620
    0.0038272469
    0.0044519832
    0.0050786453
    0.0057276941
   -0.0157152857
   -0.0124166746
   -0.0096927480
   -0.0074155904
   -0.0054916545
   -0.0038515349
   -0.0024427105
   -0.0012243803
   -0.0001638554
    0.0007660857
    0.0015890625
    0.0023264506
    0.0029983895
    0.0036244637
    0.0042241767
    0.0048171972
    0.0054233862
    0.0060626235
   -0.0150284032
   -0.0118757078
   -0.0092570804
   -0.0070582613
   -0.0051946155
   -0.0036026436
   -0.0022337671
   -0.0010498466
   -0.0000199712
    0.0008818590
    0.0016784564
    0.0023906606
    0.0030382408
    0.0036405439
    0.0042168816
    0.0047867845
    0.0053700309
    0.0059866220
   -0.0179091648
   -0.0142739840
   -0.0112683127
   -0.0087573698
   -0.0066401729
   -0.0048407791
   -0.0033013898
   -0.0019771682
   -0.0008324371
    0.0001621515
    0.0010316802
    0.0017984730
    0.0024832250
    0.0031057772
    0.0036856982
    0.0042426306
    0.0047964869
    0.0053675836
    0.0059768517
   -0.0144089336
   -0.0113950123
   -0.0088684987
   -0.0067344035
   -0.0049198400
   -0.0033684955
   -0.0020362023
   -0.0008874422
    0.0001072691
    0.0009733535
    0.0017336253
    0.0024093919
    0.0030211945
    0.0035893539
    0.0041343117
    0.0046768743
    0.0052385113
   -0.0165568710
   -0.0132136318
   -0.0104048344
   -0.0080333980
   -0.0060211944
   -0.0043062715
   -0.0028394346
   -0.0015810223
   -0.0004982381
    0.0004369821
    0.0012495835
    0.0019626413
    0.0025982113
    0.0031779606
    0.0037235728
    0.0042570544
    0.0048011857
   -0.0149767825
   -0.0119159086
   -0.0093155500
   -0.0071046626
   -0.0052217412
   -0.0036154837
   -0.0022433678
   -0.0010697171
   -0.0000637932
    0.0008017842
    0.0015523374
    0.0022120356
    0.0028045361
    0.0033533924
    0.0038824104
    0.0044162015
   -0.0145409000
   -0.0115909452
   -0.0090476472
   -0.0068684325
   -0.0050072686
   -0.0034210039
   -0.0020711178
   -0.0009234173
    0.0000529533
    0.0008865923
    0.0016047390
    0.0022338968
    0.0028001569
    0.0033293981
    0.0038476196
   -0.0133896292
   -0.0106601613
   -0.0082590487
   -0.0061815712
   -0.0044030691
   -0.0028919774
   -0.0016154337
   -0.0005411753
    0.0003621415
    0.0011250938
    0.0017775648
    0.0023485092
    0.0028653871
   -0.0129778862
   -0.0104343444
   -0.0080949861
   -0.0060276629
   -0.0042464874
   -0.0027389508
   -0.0014800682
   -0.0004392019
    0.0004166483
    0.0011207754
    0.0017044972
    0.0021938121
   -0.0097739881
   -0.0075768953
   -0.0055639516
   -0.0038161572
   -0.0023536502
   -0.0011644469
   -0.0002210285
    0.0005088121
    0.0010515253
   -0.0080218774
   -0.0060172625
   -0.0041590408
   -0.0025968182
   -0.0013790946
   -0.0005072742
   -0.0049106468
   -0.0031338353
   -0.0018477873
   -0.0037633145
    0.0048976230
    0.0035738576
    0.0056177746
    0.0073859906
    0.0071618865
    0.0053140953
    0.0027263410
    0.0006647944
    0.0098101197
    0.0093496745
    0.0080790921
    0.0060985438
    0.0035898659
    0.0008738058
   -0.0015516093
    0.0117318246
    0.0116548770
    0.0110982722
    0.0100570378
    0.0085300517
    0.0065371656
    0.0041339589
    0.0014306953
   -0.0013828130
    0.0133538014
    0.0129880875
    0.0123097344
    0.0112940718
    0.0099234410
    0.0081897134
    0.0060977930
    0.0036713605
    0.0009622485
   -0.0019353100
    0.0148289605
    0.0146156496
    0.0142093552
    0.0135766275
    0.0126912410
    0.0115322653
    0.0100834674
    0.0083337784
    0.0062785950
    0.0039224012
    0.0012834229
   -0.0015987860
   -0.0046515686
    0.0158788129
    0.0156062954
    0.0151852175
    0.0145860187
    0.0137853427
    0.0127635106
    0.0115036319
    0.0099912637
    0.0082145314
    0.0061648296
    0.0038381206
    0.0012374587
   -0.0016225723
   -0.0047086165
    0.0167838324
    0.0165375249
    0.0161822130
    0.0156902192
    0.0150397464
    0.0142121239
    0.0131906327
    0.0119600367
    0.0105063507
    0.0088167235
    0.0068796031
    0.0046852113
    0.0022265423
   -0.0004985351
   -0.0034836901
   -0.0067080420
    0.0174707243
    0.0172460092
    0.0169369625
    0.0165191492
    0.0159729989
    0.0152813203
    0.0144283373
    0.0133993222
    0.0121803207
    0.0107579520
    0.0091192559
    0.0072516626
    0.0051429894
    0.0027819216
    0.0001588783
   -0.0027320585
   -0.0058897715
    0.0178444968
    0.0176006256
    0.0172751615
    0.0168501356
    0.0163094347
    0.0156379313
    0.0148212600
    0.0138456379
    0.0126977709
    0.0113646776
    0.0098334619
    0.0080911732
    0.0061246410
    0.0039204296
    0.0014651417
   -0.0012539182
   -0.0042471959
   -0.0075199775
    0.0179848762
    0.0177052002
    0.0173448282
    0.0168895452
    0.0163251694
    0.0156377547
    0.0148137210
    0.0138399039
    0.0127034286
    0.0113915746
    0.0098915627
    0.0081902941
    0.0062741478
    0.0041287833
    0.0017391472
   -0.0009103000
   -0.0038347372
   -0.0070473267
    0.0179742324
    0.0176638045
    0.0172777739
    0.0168030015
    0.0162256980
    0.0155320673
    0.0147086363
    0.0137422780
    0.0126201436
    0.0113295130
    0.0098575057
    0.0081908437
    0.0063155698
    0.0042167658
    0.0018784080
   -0.0007166766
   -0.0035863849
   -0.0067483423
    0.0179228865
    0.0176012291
    0.0172166075
    0.0167554569
    0.0162032460
    0.0155453583
    0.0147675897
    0.0138561778
    0.0127978236
    0.0115793896
    0.0101877630
    0.0086094821
    0.0068304315
    0.0048355641
    0.0026085422
    0.0001315807
   -0.0026145597
   -0.0056501111
    0.0176455071
    0.0172800010
    0.0168650286
    0.0163835061
    0.0158183346
    0.0151529975
    0.0143718391
    0.0134599796
    0.0124031739
    0.0111875442
    0.0097992527
    0.0082241941
    0.0064475839
    0.0044536159
    0.0022251361
   -0.0002566699
   -0.0030123701
   -0.0060639449
    0.0167975912
    0.0163396860
    0.0158283271
    0.0152414394
    0.0145590869
    0.0137631338
    0.0128368222
    0.0117643884
    0.0105306973
    0.0091207470
    0.0075193408
    0.0057106042
    0.0036775697
    0.0014018122
   -0.0011368946
   -0.0039606598
   -0.0070931482
    0.0163006196
    0.0157864632
    0.0152471755
    0.0146501281
    0.0139686017
    0.0131797723
    0.0122634693
    0.0112013127
    0.0099760416
    0.0085709411
    0.0069692438
    0.0051536808
    0.0031059507
    0.0008062669
   -0.0017669675
   -0.0046372794
   -0.0078297851
    0.0148385263
    0.0142358370
    0.0135850916
    0.0128511706
    0.0120057716
    0.0110247920
    0.0098867914
    0.0085719136
    0.0070610266
    0.0053350283
    0.0033741882
    0.0011576157
   -0.0013371872
   -0.0041345866
   -0.0072605487
    0.0136035211
    0.0129271506
    0.0122065056
    0.0113967701
    0.0104632997
    0.0093774197
    0.0081139646
    0.0066497529
    0.0049624693
    0.0030297488
    0.0008284425
   -0.0016658865
   -0.0044792538
   -0.0076388803
    0.0115356736
    0.0107531201
    0.0098790679
    0.0088689856
    0.0076871729
    0.0063029966
    0.0046885609
    0.0028172073
    0.0006624138
   -0.0018029824
   -0.0046070633
    0.0095688625
    0.0086895105
    0.0076842834
    0.0065020617
    0.0051015010
    0.0034466496
    0.0015044148
   -0.0007570008
   -0.0033689747
   -0.0063623964
    0.0072951852
    0.0063025996
    0.0051270587
    0.0037104571
    0.0020046784
   -0.0000326872
   -0.0024405433
   -0.0052549940
    0.0041329010
    0.0028625462
    0.0012797068
   -0.0006754962
   -0.0030544989
    0.0017231809
    0.0003818025
   -0.0013953947
   -0.0001818114
   -0.0022722315
   -0.0034536530
   -0.0018383033
   -0.0038452827
   -0.0051698306
   -0.0055815140
   -0.0035426210
   -0.0054339274
   -0.0067688152
   -0.0074294003
   -0.0073741720
   -0.0066291494
   -0.0035109636
   -0.0056012141
   -0.0072969021
   -0.0084983899
   -0.0091460953
   -0.0092183236
   -0.0087280879
   -0.0044223296
   -0.0065130707
   -0.0082587247
   -0.0095906541
   -0.0104636577
   -0.0108545477
   -0.0107611871
   -0.0102012312
   -0.0092099145
   -0.0068430171
   -0.0087046880
   -0.0102166410
   -0.0113404901
   -0.0120518637
   -0.0123398381
   -0.0122067108
   -0.0116678851
   -0.0107511526
   -0.0072310166
   -0.0091571157
   -0.0107745176
   -0.0120517694
   -0.0129668660
   -0.0135066822
   -0.0136670168
   -0.0134528392
   -0.0128784728
   -0.0119676156
   -0.0063421751
   -0.0084569161
   -0.0103103473
   -0.0118723177
   -0.0131197879
   -0.0140360974
   -0.0146106856
   -0.0148392426
   -0.0147240771
   -0.0142744623
   -0.0135070071
   -0.0124458596
   -0.0072586604
   -0.0093277922
   -0.0111468739
   -0.0126925164
   -0.0139464222
   -0.0148947587
   -0.0155280810
   -0.0158414542
   -0.0158348297
   -0.0155134468
   -0.0148882293
   -0.0139761440
   -0.0128005669
   -0.0065996699
   -0.0087725630
   -0.0107212808
   -0.0124239836
   -0.0138630770
   -0.0150244607
   -0.0158972682
   -0.0164739240
   -0.0167503223
   -0.0167262116
   -0.0164055449
   -0.0157968239
   -0.0149134878
   -0.0137742661
   -0.0076912457
   -0.0097865340
   -0.0116621721
   -0.0133004699
   -0.0146868607
   -0.0158093767
   -0.0166585158
   -0.0172273208
   -0.0175116057
   -0.0175102920
   -0.0172256594
   -0.0166636959
   -0.0158343255
   -0.0147516817
   -0.0134344783
   -0.0072314829
   -0.0093840673
   -0.0113341836
   -0.0130647779
   -0.0145616357
   -0.0158127330
   -0.0168080914
   -0.0175396749
   -0.0180015989
   -0.0181904054
   -0.0181052549
   -0.0177482206
   -0.0171244442
   -0.0162423065
   -0.0151135417
   -0.0137533873
   -0.0086418630
   -0.0106784892
   -0.0125135307
   -0.0141324001
   -0.0155226326
   -0.0166735438
   -0.0175761070
   -0.0182229868
   -0.0186087748
   -0.0187301748
   -0.0185862105
   -0.0181783993
   -0.0175108561
   -0.0165902696
   -0.0154258149
   -0.0140290592
   -0.0087679203
   -0.0107972724
   -0.0126352430
   -0.0142674060
   -0.0156813338
   -0.0168661987
   -0.0178126910
   -0.0185129566
   -0.0189608520
   -0.0191520457
   -0.0190842618
   -0.0187573488
   -0.0181733789
   -0.0173364914
   -0.0162527132
   -0.0149295220
   -0.0088793680
   -0.0108961972
   -0.0127313107
   -0.0143698891
   -0.0157991498
   -0.0170078425
   -0.0179861468
   -0.0187256733
   -0.0192195334
   -0.0194625632
   -0.0194514331
   -0.0191847744
   -0.0186631557
   -0.0178889474
   -0.0168659786
   -0.0155989542
   -0.0081042065
   -0.0101699339
   -0.0120706205
   -0.0137894988
   -0.0153121825
   -0.0166260560
   -0.0177200262
   -0.0185843737
   -0.0192108407
   -0.0195927839
   -0.0197252463
   -0.0196051137
   -0.0192311492
   -0.0186038137
   -0.0177250402
   -0.0165976044
   -0.0152241940
   -0.0076950083
   -0.0097689548
   -0.0116926967
   -0.0134472556
   -0.0150164004
   -0.0163859745
   -0.0175434683
   -0.0184779210
   -0.0191798568
   -0.0196413904
   -0.0198563572
   -0.0198204424
   -0.0195311656
   -0.0189878255
   -0.0181911886
   -0.0171429371
   -0.0158447275
   -0.0088743658
   -0.0108457116
   -0.0126663691
   -0.0143169169
   -0.0157805417
   -0.0170424923
   -0.0180897602
   -0.0189110312
   -0.0194966552
   -0.0198387661
   -0.0199313921
   -0.0197705311
   -0.0193541136
   -0.0186817852
   -0.0177544713
   -0.0165735626
   -0.0086608272
   -0.0106193434
   -0.0124407359
   -0.0141025538
   -0.0155853415
   -0.0168720904
   -0.0179478683
   -0.0187996362
   -0.0194162977
   -0.0197887276
   -0.0199099086
   -0.0197749938
   -0.0193813305
   -0.0187281991
   -0.0178164495
   -0.0166477590
   -0.0082469434
   -0.0101954738
   -0.0120247802
   -0.0137082546
   -0.0152227876
   -0.0165481943
   -0.0176667762
   -0.0185631561
   -0.0192241813
   -0.0196390405
   -0.0197993197
   -0.0196991499
   -0.0193351872
   -0.0187065163
   -0.0178142980
   -0.0166611134
   -0.0067375890
   -0.0087035143
   -0.0105903350
   -0.0123640975
   -0.0139949977
   -0.0154569131
   -0.0167269411
   -0.0177851244
   -0.0186142364
   -0.0191997609
   -0.0195300660
   -0.0195964611
   -0.0193933735
   -0.0189183472
   -0.0181718980
   -0.0171571921
   -0.0158795326
   -0.0071504000
   -0.0090493481
   -0.0108796249
   -0.0126032982
   -0.0141864427
   -0.0155990390
   -0.0168147286
   -0.0178106000
   -0.0185671019
   -0.0190681281
   -0.0193011951
   -0.0192576063
   -0.0189326818
   -0.0183257396
   -0.0174401130
   -0.0162829088
   -0.0065037575
   -0.0083517724
   -0.0101656896
   -0.0119010699
   -0.0135167879
   -0.0149756694
   -0.0162447007
   -0.0172950343
   -0.0181020151
   -0.0186454011
   -0.0189095245
   -0.0188836910
   -0.0185624627
   -0.0179458849
   -0.0170396968
   -0.0158554879
   -0.0040100687
   -0.0057239718
   -0.0074946291
   -0.0092745671
   -0.0110138999
   -0.0126635198
   -0.0141772431
   -0.0155129976
   -0.0166335037
   -0.0175066920
   -0.0181060649
   -0.0184112552
   -0.0184085440
   -0.0180913589
   -0.0174609173
   -0.0165266684
   -0.0153070533
   -0.0010810224
   -0.0024363468
   -0.0039227265
   -0.0055251772
   -0.0072115735
   -0.0089366838
   -0.0106472542
   -0.0122868641
   -0.0137998531
   -0.0151340720
   -0.0162426286
   -0.0170852305
   -0.0176291610
   -0.0178503566
   -0.0177344224
   -0.0172776463
   -0.0164880798
   -0.0153866593
   -0.0140087083
   -0.0020607999
   -0.0033822977
   -0.0048345258
   -0.0064032469
   -0.0080546830
   -0.0097382058
   -0.0113917539
   -0.0129480131
   -0.0143399192
   -0.0155049154
   -0.0163882278
   -0.0169453999
   -0.0171444899
   -0.0169682392
   -0.0164160180
   -0.0155057971
   -0.0142760384
   -0.0042366039
   -0.0056592594
   -0.0072080590
   -0.0088404060
   -0.0104924794
   -0.0120848503
   -0.0135307623
   -0.0147446175
   -0.0156493917
   -0.0161826882
   -0.0163020284
   -0.0159894657
   -0.0152555903
   -0.0141428364
   -0.0054088525
   -0.0068394466
   -0.0084107843
   -0.0100478257
   -0.0116490383
   -0.0130949598
   -0.0142627751
   -0.0150422674
   -0.0153503865
   -0.0151441609
   -0.0144311233
   -0.0132759614
   -0.0072592044
   -0.0088036417
   -0.0104401597
   -0.0119950240
   -0.0132677517
   -0.0140656374
   -0.0142464019
   -0.0137585637
   -0.0126703169
   -0.0087105192
   -0.0103479523
   -0.0118785420
   -0.0128703358
   -0.0129670795
   -0.0120839881
   -0.0099736105
   -0.0115045229
   -0.0114128014
   -0.0103923314
   -0.0059596730
   -0.0076822865
   -0.0066846027
   -0.0054536194
   -0.0087880576
   -0.0074137532
   -0.0059512592
   -0.0044848313
   -0.0030658972
   -0.0105214030
   -0.0089444864
   -0.0073260659
   -0.0057396958
   -0.0042287947
   -0.0028148873
   -0.0015047434
   -0.0110141541
   -0.0092244512
   -0.0074815196
   -0.0058303133
   -0.0042935636
   -0.0028789973
   -0.0015846790
   -0.0004026855
    0.0006783434
   -0.0110236143
   -0.0091107747
   -0.0073071904
   -0.0056356708
   -0.0041041065
   -0.0027109180
   -0.0014485598
   -0.0003057718
    0.0007309507
    0.0016760671
    0.0025437715
    0.0142000547
   -0.0117614028
   -0.0097259668
   -0.0078297613
   -0.0060875104
    0.0029927517
    0.0037153149
    0.0130209567
    0.0138747758
    0.0148708146
   -0.0124089081
   -0.0102622590
    0.0040910969
    0.0046947351
    0.0052624188
    0.0115088945
    0.0120982570
    0.0127951373
    0.0136189554
    0.0145890205
   -0.0118596649
    0.0047305503
    0.0052540172
    0.0057491134
    0.0062172781
    0.0066585158
    0.0070723687
    0.0099670279
    0.0103167945
    0.0107107070
    0.0111632990
    0.0116907445
    0.0123109163
    0.0130433637
    0.0139090483
    0.0149296041
    0.0048073401
    0.0052880810
    0.0057449624
    0.0061796336
    0.0065922300
    0.0069823406
    0.0073498075
    0.0076953167
    0.0080207179
    0.0083291485
    0.0086250048
    0.0089137905
    0.0092020207
    0.0094971184
    0.0098074724
    0.0101425874
    0.0119738974
    0.0126316588
    0.0134073319
    0.0143229056
    0.0051412264
    0.0055716110
    0.0059839922
    0.0063791116
    0.0067567118
    0.0071164421
    0.0074584886
    0.0077839560
    0.0080950149
    0.0083948412
    0.0086874879
    0.0089776912
    0.0143722958
    0.0054620413
    0.0058515546
    0.0062283956
    0.0065925484
    0.0069436238
    0.0072815634
    0.0076070374
    0.0079215656
    0.0082274521
    0.0085275740
    0.0055961222
    0.0059603065
    0.0063164709
    0.0066644166
    0.0070038634
    0.0073349586
    0.0076584885
    0.0079758166
    0.0054135668
    0.0057656462
    0.0061138865
    0.0064584720
    0.0067991803
    0.0071359756
    0.0074692151
    0.0054720185
    0.0058164178
    0.0061612087
    0.0065065234
    0.0068522636
    0.0071984186
    0.0052572531
    0.0056027502
    0.0059520332
    0.0063056876
    0.0066637227
    0.0053046203
    0.0056634227
    0.0060295996
    0.0047355298
    0.0051048821
    0.0054821917
    0.0044343575
    0.0048269351
    0.0052277841
    0.0042416972
    0.0046655800
    0.0034889871
    0.0039450785
    0.0032378958
    0.0022117115
   -0.0115044934
    0.0016089002
   -0.0121809886
   -0.0106757797
   -0.0089533341
    0.0003973251
    0.0011202639
   -0.0072789084
   -0.0112237285
   -0.0104057198
   -0.0090841954
   -0.0074915551
   -0.0058319995
   -0.0042537365
   -0.0028433543
   -0.0016328069
   -0.0006152639
    0.0002329394
   -0.0071726377
   -0.0085698549
   -0.0091905299
   -0.0089471764
   -0.0079790540
   -0.0065615353
   -0.0049835667
   -0.0034656386
   -0.0021333110
   -0.0010331964
   -0.0064614673
   -0.0072056359
   -0.0069176953
   -0.0057954210
   -0.0042789316
   -0.0027828658
   -0.0015670892
   -0.0054123896
   -0.0049839876
   -0.0034820510
   -0.0038413487
   -0.0032092096
    0.0095537977
    0.0097764713
    0.0100506611
    0.0103875086
    0.0108015556
    0.0113119289
    0.0119439968
    0.0127316623
    0.0088918324
    0.0090396166
    0.0092155656
    0.0094250844
    0.0096749298
    0.0099737801
    0.0103329049
    0.0107669825
    0.0112951990
    0.0119427245
    0.0127428667
    0.0137401246
    0.0083592804
    0.0084793664
    0.0086152997
    0.0087701086
    0.0089473164
    0.0091512678
    0.0093875175
    0.0096632177
    0.0099876076
    0.0103725725
    0.0108333940
    0.0113897004
    0.0120667835
    0.0128973563
    0.0139240225
    0.0079402431
    0.0080619455
    0.0081932421
    0.0083360805
    0.0084926588
    0.0086656355
    0.0088584056
    0.0090753284
    0.0093220268
    0.0096056762
    0.0099353681
    0.0103225013
    0.0107812723
    0.0113292624
    0.0119880785
    0.0127839943
    0.0074428580
    0.0075717652
    0.0077047800
    0.0078430143
    0.0079876880
    0.0081402201
    0.0083023661
    0.0084763876
    0.0086652320
    0.0088726762
    0.0091035185
    0.0093637185
    0.0096605471
    0.0100026724
    0.0104002146
    0.0108645736
    0.0114079598
    0.0120422037
    0.0070613398
    0.0072085376
    0.0073563063
    0.0075051808
    0.0076558509
    0.0078091783
    0.0079662723
    0.0081286044
    0.0082980939
    0.0084772215
    0.0086690800
    0.0088773734
    0.0091064031
    0.0093608653
    0.0096455114
    0.0099644704
    0.0103199902
    0.0107102344
    0.0111253997
    0.0066186224
    0.0067880265
    0.0069541036
    0.0071169401
    0.0072767979
    0.0074340865
    0.0075893527
    0.0077433587
    0.0078971172
    0.0080519335
    0.0082093997
    0.0083712956
    0.0085394278
    0.0087152547
    0.0088993162
    0.0090902286
    0.0092830460
    0.0094666479
    0.0096194757
    0.0060094046
    0.0062113972
    0.0064060191
    0.0065928151
    0.0067716782
    0.0069426450
    0.0071058155
    0.0072613573
    0.0074094974
    0.0075505666
    0.0076849243
    0.0078128830
    0.0079344911
    0.0080491656
    0.0081550967
    0.0082482822
    0.0083210500
    0.0083597872
    0.0083414489
    0.0082284534
    0.0079612382
    0.0055399435
    0.0057765131
    0.0059999840
    0.0062100902
    0.0064067420
    0.0065898492
    0.0067592765
    0.0069148111
    0.0070561427
    0.0071828289
    0.0072941778
    0.0073890244
    0.0074653873
    0.0075198451
    0.0075466241
    0.0075362293
    0.0074733548
    0.0073339465
    0.0070809867
    0.0066588732
    0.0059864904
    0.0049102071
    0.0051965777
    0.0054620250
    0.0057069858
    0.0059316875
    0.0061361481
    0.0063201269
    0.0064831084
    0.0066242788
    0.0067424297
    0.0068358126
    0.0069018175
    0.0069364984
    0.0069338017
    0.0068844012
    0.0067740518
    0.0065812178
    0.0062738848
    0.0058055059
    0.0051102966
    0.0040990313
    0.0026577410
    0.0042337446
    0.0045836641
    0.0049009005
    0.0051877336
    0.0054453780
    0.0056742832
    0.0058742763
    0.0060445844
    0.0061838086
    0.0062898148
    0.0063594632
    0.0063881910
    0.0063692901
    0.0062928622
    0.0061443073
    0.0059022245
    0.0055357221
    0.0050012295
    0.0042393107
    0.0031729124
    0.0017096122
    0.0037484746
    0.0041504973
    0.0045061336
    0.0048193935
    0.0050922634
    0.0053252915
    0.0055178580
    0.0056682140
    0.0057734066
    0.0058289564
    0.0058283254
    0.0057620418
    0.0056163942
    0.0053716820
    0.0049999534
    0.0044625243
    0.0037078899
    0.0026714783
    0.0012800280
   -0.0005354885
    0.0028085259
    0.0033267143
    0.0037732825
    0.0041575768
    0.0044846166
    0.0047564608
    0.0049728988
    0.0051317412
    0.0052287550
    0.0052572849
    0.0052075205
    0.0050652892
    0.0048104469
    0.0044148659
    0.0038405324
    0.0030387077
    0.0019522040
    0.0005240975
   -0.0012831660
   -0.0034560245
    0.0020675779
    0.0026903784
    0.0032132864
    0.0036497707
    0.0040069242
    0.0042871725
    0.0044891922
    0.0046082282
    0.0046358535
    0.0045591504
    0.0043594154
    0.0040104528
    0.0034770773
    0.0027151018
    0.0016753004
    0.0003153553
   -0.0013762784
   -0.0033445539
   -0.0054318545
    0.0012362329
    0.0019915165
    0.0026093615
    0.0031067336
    0.0034922213
    0.0037673355
    0.0039274118
    0.0039616980
    0.0038526956
    0.0035749079
    0.0030938515
    0.0023672447
    0.0013520904
    0.0000232382
   -0.0015925785
   -0.0033734135
   -0.0050772670
    0.0006197238
    0.0014820048
    0.0021644442
    0.0026794819
    0.0030302313
    0.0032094137
    0.0031991320
    0.0029704700
    0.0024842008
    0.0016968749
    0.0005804409
   -0.0008355170
   -0.0024041994
   -0.0038293017
   -0.0047369933
   -0.0004674246
    0.0006105058
    0.0014515302
    0.0020415917
    0.0023651826
    0.0023921644
    0.0020761544
    0.0013668052
    0.0002539343
   -0.0011361628
   -0.0024389033
   -0.0031303596
   -0.0028938581
   -0.0019044703
   -0.0006378963
    0.0004948609
    0.0012629850
    0.0015281092
    0.0011673277
    0.0001414433
   -0.0011645039
   -0.0016847848
   -0.0008103196
    0.0004013636
    0.0001963940
   -0.0002073524
    0.0044117202
    0.0040505245
    0.0046735747
    0.0051947962
    0.0051221894
    0.0044167710
    0.0034995102
    0.0030203937
    0.0032139553
    0.0038430503
    0.0045916671
    0.0052599801
    0.0057494320
    0.0059997089
    0.0059421507
    0.0054987491
    0.0046545652
    0.0035689219
    0.0025789065
    0.0020110251
    0.0019813014
    0.0023896967
    0.0030508716
    0.0038019030
    0.0045365260
    0.0051972760
    0.0057576350
    0.0062060245
    0.0065320405
    0.0067135851
    0.0067060455
    0.0064405337
    0.0058442991
    0.0048929166
    0.0036758529
    0.0024159367
    0.0013932420
    0.0008137725
    0.0007288956
    0.0010560397
    0.0016547443
    0.0023914280
    0.0031676792
    0.0039217105
    0.0046194996
    0.0052452407
    0.0057941926
    0.0062677341
    0.0066693524
    0.0070005096
    0.0072555373
    0.0074153899
    0.0074412931
    0.0072715171
    0.0068279685
    0.0060410704
    0.0048948477
    0.0034744590
    0.0019773380
    0.0006594390
   -0.0002616670
   -0.0006836418
   -0.0006307216
   -0.0002094124
    0.0004496174
    0.0012314715
    0.0020523461
    0.0028586065
    0.0036195335
    0.0043197175
    0.0049533146
    0.0055203188
    0.0060243637
    0.0064713088
    0.0068680468
    0.0072211280
    0.0075347336
    0.0078078194
    0.0080300918
    0.0081769226
    0.0082041115
    0.0080449617
    0.0076147447
    0.0068294245
    0.0056422352
    0.0040893823
    0.0023182498
    0.0005677579
   -0.0009028637
   -0.0019008557
   -0.0023527685
   -0.0023005795
   -0.0018575598
   -0.0011568990
   -0.0003163112
    0.0005764974
    0.0014638448
    0.0023117125
    0.0031023667
    0.0038283228
    0.0044881513
    0.0050839262
    0.0056197981
    0.0061013365
    0.0065351612
    0.0069286970
    0.0072897816
    0.0076260005
    0.0079436482
    0.0082459990
    0.0085307892
    0.0087865745
    0.0089879198
    0.0090899617
    0.0090240043
    0.0086980970
    0.0080089267
    0.0068709762
    0.0052617030
    0.0032654909
    0.0010860859
   -0.0026979963
   -0.0038356469
   -0.0043478812
   -0.0042931506
   -0.0038004525
   -0.0030174174
   -0.0020745353
   -0.0010698755
   -0.0000685852
    0.0008906428
    0.0017876783
    0.0026142415
    0.0033690147
    0.0040544425
    0.0046748356
    0.0052353776
    0.0057417445
    0.0062000361
    0.0066168377
    0.0069992987
    0.0073551139
    0.0076923772
    0.0080192366
    0.0083432428
    0.0086703026
    0.0090029811
    0.0093378936
    0.0096619397
    0.0099470879
    0.0101440853
    0.0101764221
    0.0099382382
   -0.0048278676
   -0.0036893633
   -0.0025137839
   -0.0013653803
   -0.0002802865
    0.0007244730
    0.0016437506
    0.0024791870
    0.0032358568
    0.0039202373
    0.0045390744
    0.0050989027
    0.0056059451
    0.0060662727
    0.0064860337
    0.0068716645
    0.0072300760
    0.0075687480
    0.0078957388
    0.0082195795
    0.0085490142
    0.0088925147
    0.0092574106
    0.0096484682
    0.0100656009
    0.0105003057
    0.0109304533
    0.0113130971
    0.0115758726
   -0.0017528216
   -0.0005885158
    0.0004668828
    0.0014180973
    0.0022735280
    0.0030429050
    0.0037358704
    0.0043612781
    0.0049269457
    0.0054397623
    0.0059059499
    0.0063313970
    0.0067219910
    0.0070838688
    0.0074236344
    0.0077485056
    0.0080663747
    0.0083858780
    0.0087163206
    0.0090675456
    0.0094495833
    0.0098719832
    0.0103426251
    0.0108656815
    0.0114382621
    0.0120450840
    0.0126504126
    0.0006191952
    0.0015631603
    0.0024042723
    0.0031561741
    0.0038310158
    0.0044391644
    0.0049892741
    0.0054885957
    0.0059433865
    0.0063593450
    0.0067420006
    0.0070970232
    0.0074304629
    0.0077489332
    0.0080597537
    0.0083710659
    0.0086919265
    0.0090323936
    0.0094035517
    0.0098174153
    0.0102866597
    0.0108239667
    0.0114407256
    0.0121446947
    0.0129357930
    0.0137990471
    0.0016764080
    0.0025088572
    0.0032485675
    0.0039100471
    0.0045051630
    0.0050434196
    0.0055324413
    0.0059785508
    0.0063872822
    0.0067638586
    0.0071135429
    0.0074419058
    0.0077550320
    0.0080596725
    0.0083633945
    0.0086747327
    0.0090033661
    0.0093603141
    0.0097581078
    0.0102109865
    0.0107349282
    0.0113475251
    0.0120673809
    0.0129127389
    0.0138985759
    0.0037154981
    0.0043271888
    0.0048786702
    0.0053790320
    0.0058353370
    0.0062533450
    0.0066381347
    0.0069945777
    0.0073276834
    0.0076428507
    0.0079460417
    0.0082439422
    0.0085440970
    0.0088551113
    0.0091868876
    0.0095509099
    0.0099606193
    0.0104318289
    0.0109831510
    0.0116364392
    0.0124170531
    0.0133538719
    0.0053183972
    0.0057781997
    0.0061999658
    0.0065886788
    0.0069488785
    0.0072851207
    0.0076022798
    0.0079057404
    0.0082015458
    0.0084965345
    0.0087984862
    0.0091163677
    0.0094606370
    0.0098436741
    0.0102803179
    0.0107885589
    0.0113903369
    0.0064787040
    0.0068486477
    0.0071938677
    0.0075185957
    0.0078275463
    0.0081260505
    0.0084201659
    0.0087167800
    0.0090237727
    0.0093502662
    0.0097070328
    0.0101070286
   -0.0039697401
   -0.0026247387
   -0.0014335314
   -0.0003638769
    0.0006131394
    0.0015243215
   -0.0068713117
   -0.0052067992
   -0.0037620455
   -0.0024960638
   -0.0013748194
   -0.0003693535
    0.0005457460
    0.0013936007
    0.0021959683
    0.0029739311
   -0.0096832266
   -0.0076645585
   -0.0059342462
   -0.0044381319
   -0.0031329179
   -0.0019835676
   -0.0009611079
   -0.0000408743
    0.0007988286
    0.0015777768
    0.0023145754
    0.0030271882
    0.0037332572
   -0.0108962275
   -0.0087358193
   -0.0068914711
   -0.0053030153
   -0.0039231413
   -0.0027142553
   -0.0016459221
   -0.0006929011
    0.0001663682
    0.0009509268
    0.0016781561
    0.0023644125
    0.0030254636
    0.0036767525
    0.0043334745
   -0.0137017740
   -0.0111453229
   -0.0089815475
   -0.0071334678
   -0.0055412033
   -0.0041579704
   -0.0029467818
   -0.0018778954
   -0.0009268301
   -0.0000728860
    0.0007020003
    0.0014141071
    0.0020785516
    0.0027097589
    0.0033217537
    0.0039283241
    0.0045430180
   -0.0139133950
   -0.0113571752
   -0.0091911103
   -0.0073391512
   -0.0057423129
   -0.0043545676
   -0.0031395900
   -0.0020682453
   -0.0011166601
   -0.0002647590
    0.0005048289
    0.0012076137
    0.0018578717
    0.0024690975
    0.0030543428
    0.0036263952
    0.0041978715
    0.0047811398
   -0.0124673813
   -0.0101609120
   -0.0081926737
   -0.0064990582
   -0.0050304922
   -0.0037480100
   -0.0026205591
   -0.0016229365
   -0.0007342312
    0.0000633780
    0.0007855222
    0.0014463375
    0.0020589667
    0.0026359546
    0.0031894963
    0.0037316005
    0.0042741335
    0.0048287641
   -0.0129615406
   -0.0106035187
   -0.0085900731
   -0.0068572028
   -0.0053548496
   -0.0040435859
   -0.0028920017
   -0.0018746427
   -0.0009704533
   -0.0001615935
    0.0005674883
    0.0012307404
    0.0018410436
    0.0024105993
    0.0029512131
    0.0034744912
    0.0039919143
    0.0045148639
    0.0050545213
   -0.0137274111
   -0.0112747170
   -0.0091801883
   -0.0073782036
   -0.0058171248
   -0.0044561447
   -0.0032627013
   -0.0022104627
   -0.0012777208
   -0.0004461760
    0.0003000106
    0.0009749304
    0.0015914930
    0.0021618301
    0.0026976233
    0.0032102958
    0.0037111640
    0.0042114757
    0.0047224114
    0.0052550089
   -0.0130832310
   -0.0107416747
   -0.0087332977
   -0.0069993641
   -0.0054931628
   -0.0041774261
   -0.0030221387
   -0.0020027832
   -0.0010989565
   -0.0002932789
    0.0004294322
    0.0010828332
    0.0016795383
    0.0022315002
    0.0027502944
    0.0032473015
    0.0037338314
    0.0042211763
    0.0047206350
    0.0052435468
   -0.0145882546
   -0.0120434683
   -0.0098615972
   -0.0079804221
   -0.0063495574
   -0.0049283885
   -0.0036840574
   -0.0025897427
   -0.0016232193
   -0.0007656874
   -0.0000008722
    0.0006856938
    0.0013072485
    0.0018762061
    0.0024044924
    0.0029037647
    0.0033855747
    0.0038614725
    0.0043430713
    0.0048421657
   -0.0139487482
   -0.0115111073
   -0.0094101078
   -0.0075917047
   -0.0060111052
   -0.0046315037
   -0.0034226550
   -0.0023595085
   -0.0014209957
   -0.0005890495
    0.0001522040
    0.0008170968
    0.0014189066
    0.0019702418
    0.0024833259
    0.0029702004
    0.0034428613
    0.0039133796
    0.0043940511
   -0.0148767261
   -0.0123316847
   -0.0101271576
   -0.0082144029
   -0.0065505458
   -0.0050990319
   -0.0038290995
   -0.0027148563
   -0.0017343241
   -0.0008685287
   -0.0001007319
    0.0005842059
    0.0012003318
    0.0017609942
    0.0022791361
    0.0027674874
    0.0032387461
    0.0037057031
    0.0041814722
   -0.0131899137
   -0.0108886125
   -0.0088792420
   -0.0071258242
   -0.0055947666
   -0.0042562206
   -0.0030841678
   -0.0020560061
   -0.0011519186
   -0.0003542275
    0.0003531868
    0.0009853624
    0.0015566360
    0.0020809278
    0.0025719241
    0.0030432499
    0.0035086115
    0.0039820898
   -0.0127202668
   -0.0105027542
   -0.0085468371
   -0.0068298624
   -0.0053262709
   -0.0040109843
   -0.0028607169
   -0.0018542613
   -0.0009723196
   -0.0001971160
    0.0004879921
    0.0010988703
    0.0016508631
    0.0021589631
    0.0026379248
    0.0031023427
    0.0035668087
   -0.0121309284
   -0.0100182288
   -0.0081276567
   -0.0064545821
   -0.0049842738
   -0.0036979081
   -0.0025755932
   -0.0015977176
   -0.0007453627
   -0.0000003434
    0.0006549016
    0.0012374215
    0.0017637477
    0.0022498344
    0.0027108437
   -0.0125407647
   -0.0104854922
   -0.0085757423
   -0.0068490453
   -0.0053149457
   -0.0039677952
   -0.0027942513
   -0.0017773716
   -0.0008986900
   -0.0001392147
    0.0005200182
    0.0010974866
    0.0016105980
    0.0020748363
   -0.0109598594
   -0.0091245974
   -0.0073717638
   -0.0057679859
   -0.0043407181
   -0.0030943456
   -0.0020204149
   -0.0011036267
   -0.0003253597
    0.0003340172
    0.0008930342
    0.0013665650
   -0.0090403441
   -0.0073914346
   -0.0057927431
   -0.0043345370
   -0.0030566324
   -0.0019683618
   -0.0010622007
   -0.0003230354
    0.0002643207
   -0.0064388707
   -0.0049149145
   -0.0035160755
   -0.0023248287
   -0.0013714578
   -0.0006640600
   -0.0057701931
   -0.0042873194
   -0.0029095353
   -0.0018667416
    0.0039880969
    0.0030506656
    0.0058509883
    0.0056101447
    0.0041803830
    0.0022855872
    0.0008739497
    0.0076711193
    0.0072598689
    0.0062392869
    0.0047115360
    0.0028407351
    0.0008879401
   -0.0007781168
    0.0090991291
    0.0086297053
    0.0077923039
    0.0065986256
    0.0050765857
    0.0032823725
    0.0013129054
   -0.0006810654
    0.0104922460
    0.0101951448
    0.0096576448
    0.0088684313
    0.0078200055
    0.0065123662
    0.0049563685
    0.0031780579
    0.0012245610
   -0.0008281605
   -0.0028664793
    0.0115990638
    0.0112994688
    0.0108344970
    0.0101870503
    0.0093435006
    0.0082940809
    0.0070335659
    0.0055623611
    0.0038883179
    0.0020295319
    0.0000183522
   -0.0020930258
   -0.0042256809
    0.0125767743
    0.0123025585
    0.0119124678
    0.0113874943
    0.0107123871
    0.0098747579
    0.0088647184
    0.0076749896
    0.0063012298
    0.0047428324
    0.0030042046
    0.0010967294
   -0.0009582593
   -0.0031252991
    0.0133555330
    0.0130861509
    0.0127297492
    0.0122680523
    0.0116864164
    0.0109725899
    0.0101160824
    0.0091079234
    0.0079406629
    0.0066085217
    0.0051077817
    0.0034374476
    0.0016003350
   -0.0003952365
   -0.0025328927
   -0.0047846107
    0.0140757232
    0.0138361927
    0.0135362178
    0.0131572407
    0.0126847315
    0.0121065141
    0.0114119284
    0.0105914523
    0.0096365129
    0.0085394249
    0.0072934372
    0.0058928501
    0.0043333135
    0.0026123387
    0.0007301409
   -0.0013090367
   -0.0034948492
   -0.0058079245
    0.0144148516
    0.0141492474
    0.0138228984
    0.0134220070
    0.0129349593
    0.0123514493
    0.0116620708
    0.0108581358
    0.0099315732
    0.0088748351
    0.0076809289
    0.0063434050
    0.0048565056
    0.0032153978
    0.0014165968
   -0.0005412415
   -0.0026561643
   -0.0049210634
    0.0147207012
    0.0144527119
    0.0141296080
    0.0137399014
    0.0132734052
    0.0127207011
    0.0120730038
    0.0113220124
    0.0104598570
    0.0094790459
    0.0083723884
    0.0071330161
    0.0057543447
    0.0042301595
    0.0025548018
    0.0007234854
   -0.0012670787
   -0.0034177231
   -0.0057252659
    0.0148736276
    0.0145948927
    0.0142643020
    0.0138721393
    0.0134092142
    0.0128667644
    0.0122364096
    0.0115101375
    0.0106802646
    0.0097393805
    0.0086802838
    0.0074959629
    0.0061795089
    0.0047241333
    0.0031232237
    0.0013705162
   -0.0005396294
   -0.0026115773
   -0.0048475369
    0.0149855816
    0.0147044797
    0.0143776353
    0.0139961287
    0.0135511572
    0.0130340862
    0.0124365616
    0.0117505431
    0.0109683087
    0.0100823631
    0.0090854258
    0.0079703273
    0.0067299481
    0.0053571818
    0.0038448840
    0.0021859402
    0.0003733923
   -0.0015992694
   -0.0037375230
   -0.0060449147
    0.0149021836
    0.0145986995
    0.0142533915
    0.0138573010
    0.0134014238
    0.0128769081
    0.0122752222
    0.0115881526
    0.0108078234
    0.0099266069
    0.0089370738
    0.0078318786
    0.0066037023
    0.0052451527
    0.0037487238
    0.0021067836
    0.0003116767
   -0.0016441188
   -0.0037675196
   -0.0060641269
    0.0147196474
    0.0143888859
    0.0140220136
    0.0136089293
    0.0131397083
    0.0126047882
    0.0119950511
    0.0113018555
    0.0105169318
    0.0096323413
    0.0086403463
    0.0075333183
    0.0063036284
    0.0049435415
    0.0034451637
    0.0018004059
    0.0000010096
   -0.0019612633
   -0.0040943139
   -0.0064050174
    0.0145691447
    0.0142110751
    0.0138296883
    0.0134121653
    0.0129465134
    0.0124215590
    0.0118269368
    0.0111530005
    0.0103906786
    0.0095313483
    0.0085667228
    0.0074886958
    0.0062892020
    0.0049601190
    0.0034931607
    0.0018798030
    0.0001112950
   -0.0018212496
   -0.0039265796
   -0.0062127623
    0.0138447862
    0.0134289888
    0.0129869609
    0.0125032658
    0.0119643350
    0.0113580166
    0.0106733063
    0.0099000672
    0.0090288202
    0.0080505175
    0.0069564016
    0.0057377854
    0.0043859640
    0.0028920664
    0.0012469916
   -0.0005586070
   -0.0025341978
   -0.0046890602
   -0.0070317338
    0.0129659263
    0.0124933014
    0.0119890608
    0.0114356205
    0.0108180063
    0.0101231249
    0.0093392283
    0.0084555335
    0.0074619322
    0.0063487010
    0.0051063530
    0.0037253867
    0.0021961989
    0.0005090022
   -0.0013461935
   -0.0033794313
   -0.0056003856
    0.0121304799
    0.0116084235
    0.0110552826
    0.0104499394
    0.0097749986
    0.0090155378
    0.0081583955
    0.0071915758
    0.0061038553
    0.0048844986
    0.0035229589
    0.0020087417
    0.0003312605
   -0.0015201609
   -0.0035561426
   -0.0057868597
    0.0110530914
    0.0104760840
    0.0098617847
    0.0091860427
    0.0084292760
    0.0075748720
    0.0066081941
    0.0055159388
    0.0042856282
    0.0029052831
    0.0013631624
   -0.0003523732
   -0.0022528141
   -0.0043493436
   -0.0066521958
    0.0099531515
    0.0093246129
    0.0086553352
    0.0079165134
    0.0070851651
    0.0061420721
    0.0050704367
    0.0038550736
    0.0024818260
    0.0009371989
   -0.0007918197
   -0.0027177742
   -0.0048523915
    0.0084828376
    0.0077914354
    0.0070393291
    0.0061952058
    0.0052339044
    0.0041341801
    0.0028774066
    0.0014466799
   -0.0001736425
   -0.0019981252
   -0.0040400871
    0.0061744410
    0.0053355896
    0.0043767874
    0.0032697593
    0.0019905536
    0.0005182637
   -0.0011656927
   -0.0030777248
   -0.0052315720
    0.0049277514
    0.0040710122
    0.0030770892
    0.0019103063
    0.0005409781
   -0.0010559978
   -0.0029016776
    0.0028958876
    0.0019290505
    0.0007592156
   -0.0006512461
   -0.0023332796
