    9.2721    0.1366    0.7793    0.8281    0.6432
   37.2721    0.0479    0.2769    0.2871    0.2291
   61.2721    0.0000    0.0000    0.0000    0.0000
   89.2721    0.0623    0.3594    0.3713    0.2972
  117.2721    0.1417    0.8084    0.8643    0.6672
  145.2721    0.0952    0.5633    0.6520    0.4683
  173.2721    0.0089    0.0842    0.1999    0.0753
  201.2721    0.0426    0.2369    0.3503    0.1943
  229.2721    0.1439    0.7462    0.8538    0.6027
  257.2721    0.1330    0.6914    0.7965    0.5588
  285.2721    0.0296    0.1719    0.2866    0.1423
  313.2721    0.0161    0.1260    0.2406    0.1099
  341.2721    0.1089    0.6369    0.7217    0.5283
