   -0.0051482049
   -0.0073839199
   -0.0001867679
   -0.0042074651
   -0.0094045120
   -0.0124413478
   -0.0118694706
   -0.0076355424
   -0.0127772510
   -0.0160435362
   -0.0168997661
   -0.0153563861
   -0.0063666762
   -0.0121766413
   -0.0167290986
   -0.0196035635
   -0.0206005827
   -0.0197250417
   -0.0171802274
   -0.0083512554
   -0.0141065578
   -0.0186743480
   -0.0218361462
   -0.0234642726
   -0.0235216850
   -0.0220753579
   -0.0193057671
   -0.0102980835
   -0.0159100045
   -0.0204073893
   -0.0236718535
   -0.0256201055
   -0.0262108111
   -0.0254593764
   -0.0234524103
   -0.0203572249
   -0.0093860168
   -0.0152435748
   -0.0200945782
   -0.0238664571
   -0.0264953162
   -0.0279315564
   -0.0281526720
   -0.0271767490
   -0.0250739408
   -0.0219759960
   -0.0095423951
   -0.0154015216
   -0.0203198903
   -0.0242566465
   -0.0271653762
   -0.0290008779
   -0.0297306258
   -0.0293466916
   -0.0278755788
   -0.0253863989
   -0.0219976830
   -0.0089168070
   -0.0148354324
   -0.0198748742
   -0.0240126551
   -0.0272137375
   -0.0294363931
   -0.0306424887
   -0.0308080624
   -0.0299323438
   -0.0280443107
   -0.0252071736
   -0.0215208226
   -0.0121751736
   -0.0175815184
   -0.0221591678
   -0.0258843172
   -0.0287202266
   -0.0306250927
   -0.0315617758
   -0.0315066934
   -0.0304565530
   -0.0284326468
   -0.0254815499
   -0.0216707782
   -0.0120074722
   -0.0173614252
   -0.0219455552
   -0.0257349953
   -0.0286922811
   -0.0307733120
   -0.0319360687
   -0.0321485792
   -0.0313954835
   -0.0296813399
   -0.0270305058
   -0.0234795440
   -0.0190534454
   -0.0133355418
   -0.0184233942
   -0.0227943595
   -0.0264132675
   -0.0292354585
   -0.0312117024
   -0.0322960006
   -0.0324526395
   -0.0316616793
   -0.0299215309
   -0.0272465324
   -0.0236551577
   -0.0097343337
   -0.0151215127
   -0.0198838001
   -0.0239744649
   -0.0273433168
   -0.0299349246
   -0.0316930055
   -0.0325671857
   -0.0325193651
   -0.0315283550
   -0.0295910481
   -0.0267174160
   -0.0229121730
   -0.0114127159
   -0.0164646950
   -0.0209591599
   -0.0248248506
   -0.0279934544
   -0.0303964214
   -0.0319682320
   -0.0326525973
   -0.0324083012
   -0.0312135769
   -0.0290660613
   -0.0259756105
   -0.0219402123
   -0.0117074840
   -0.0165416626
   -0.0209150724
   -0.0247225010
   -0.0278712492
   -0.0302744561
   -0.0318523259
   -0.0325372940
   -0.0322804141
   -0.0310558673
   -0.0288621647
   -0.0257152544
   -0.0216262509
   -0.0097647101
   -0.0144326742
   -0.0188453401
   -0.0228362337
   -0.0262688434
   -0.0290236571
   -0.0309935160
   -0.0320861898
   -0.0322307244
   -0.0313840943
   -0.0295357995
   -0.0267070026
   -0.0229399952
   -0.0092910678
   -0.0135297289
   -0.0177453080
   -0.0217089296
   -0.0252257823
   -0.0281279817
   -0.0302688367
   -0.0315237680
   -0.0317969521
   -0.0310305233
   -0.0292125562
   -0.0263810129
   -0.0226210748
   -0.0007356502
   -0.0029211367
   -0.0055460941
   -0.0087036441
   -0.0123150210
   -0.0161792644
   -0.0200408699
   -0.0236413347
   -0.0267425452
   -0.0291333357
   -0.0306335320
   -0.0311033985
   -0.0304574662
   -0.0286794303
   -0.0258337359
   -0.0220739954
   -0.0044458499
   -0.0068772015
   -0.0096142140
   -0.0127647763
   -0.0162618181
   -0.0198943495
   -0.0233715851
   -0.0263828992
   -0.0286357211
   -0.0298809618
   -0.0299387845
   -0.0287283322
   -0.0262967216
   -0.0228429445
   -0.0096956508
   -0.0125345310
   -0.0157280389
   -0.0191761083
   -0.0225963544
   -0.0255875815
   -0.0277210903
   -0.0286253120
   -0.0280658069
   -0.0260241944
   -0.0227613343
   -0.0126906452
   -0.0157054250
   -0.0190960461
   -0.0224881700
   -0.0252561280
   -0.0266816259
   -0.0262331126
   -0.0238704067
   -0.0202499156
   -0.0171026904
   -0.0206480467
   -0.0236352422
   -0.0242577567
   -0.0216801946
   -0.0174990900
   -0.0212127353
   -0.0203573941
   -0.0068189821
   -0.0113987339
   -0.0087409681
   -0.0058170634
   -0.0156699165
   -0.0119658471
   -0.0083992681
   -0.0052793625
   -0.0026435999
   -0.0003990600
   -0.0180770443
   -0.0134438680
   -0.0094137276
   -0.0060806781
   -0.0033719268
   -0.0011541527
    0.0007159205
    0.0188624734
   -0.0148589076
   -0.0103971180
   -0.0067972584
   -0.0039251258
   -0.0016310898
    0.0002250861
    0.0017733450
    0.0031318801
    0.0043954548
    0.0170694532
    0.0201699155
   -0.0187941314
   -0.0133888203
   -0.0090349118
   -0.0055662944
    0.0035336365
    0.0045549192
    0.0055357285
    0.0064997762
    0.0129223377
    0.0146252928
    0.0170159613
    0.0202952128
   -0.0159635203
   -0.0108763918
    0.0051741979
    0.0059116215
    0.0066587294
    0.0073966757
    0.0080813055
    0.0086658425
    0.0100789211
    0.0104385559
    0.0110459277
    0.0119936658
    0.0133853489
    0.0153473476
    0.0180523416
    0.0217651147
   -0.0138274875
    0.0063528069
    0.0068900570
    0.0074588143
    0.0080113823
    0.0084980664
    0.0088854658
    0.0091655693
    0.0093568566
    0.0094995058
    0.0096474174
    0.0098602592
    0.0101989262
    0.0107262797
    0.0115126975
    0.0126439028
    0.0142297193
    0.0164173311
    0.0194191895
    0.0070345679
    0.0074223142
    0.0078576909
    0.0082828329
    0.0086533597
    0.0089504894
    0.0091828576
    0.0093807852
    0.0095861567
    0.0170282560
    0.0200211945
    0.0075465267
    0.0078750044
    0.0082332813
    0.0085754242
    0.0088846622
    0.0091722972
    0.0094678762
    0.0075619211
    0.0078330486
    0.0081666685
    0.0085246846
    0.0089016194
    0.0073699092
    0.0076330783
    0.0079992345
    0.0084435271
    0.0069438122
    0.0072087707
    0.0076338765
    0.0064557255
    0.0068551026
    0.0055975111
    0.0059710440
    0.0048053991
    0.0053655622
   -0.0184842572
    0.0035832278
    0.0041706102
   -0.0086604251
   -0.0171491088
   -0.0123179961
    0.0019305902
    0.0026225412
   -0.0102032580
   -0.0152839647
   -0.0183249449
   -0.0149199449
   -0.0109021137
   -0.0071145407
   -0.0002016163
    0.0009020156
    0.0018920080
   -0.0078563383
   -0.0118748795
   -0.0140369020
   -0.0135602741
   -0.0110134080
   -0.0076767734
   -0.0045956472
   -0.0022456420
   -0.0005832851
    0.0006944659
   -0.0081006740
   -0.0096139288
   -0.0082559512
   -0.0053918909
   -0.0027341244
   -0.0009136156
   -0.0048554499
   -0.0058711749
   -0.0028898838
   -0.0035137317
    0.0101598586
    0.0105866751
    0.0112578816
    0.0122490297
    0.0136908970
    0.0096452442
    0.0097720246
    0.0100311238
    0.0104283927
    0.0109894255
    0.0117658167
    0.0128445060
    0.0143636023
    0.0165415670
    0.0093758576
    0.0093906413
    0.0095098004
    0.0097187690
    0.0100110658
    0.0103917957
    0.0108808001
    0.0115163513
    0.0123601507
    0.0135049352
    0.0150866963
    0.0173052806
    0.0089925405
    0.0090720683
    0.0092269319
    0.0094415474
    0.0097045132
    0.0100113807
    0.0103668047
    0.0107863746
    0.0112982156
    0.0119445591
    0.0127827496
    0.0138845186
    0.0153294328
    0.0171809546
    0.0084513283
    0.0086204813
    0.0088398307
    0.0090944198
    0.0093711972
    0.0096609411
    0.0099600572
    0.0102717951
    0.0106066878
    0.0109820384
    0.0114195198
    0.0119390553
    0.0125444539
    0.0131910512
    0.0137135151
    0.0076834226
    0.0079634800
    0.0082729912
    0.0085963019
    0.0089198801
    0.0092320151
    0.0095240576
    0.0097914982
    0.0100341080
    0.0102546757
    0.0104555208
    0.0106308298
    0.0107512379
    0.0107335961
    0.0103836618
    0.0092942386
    0.0069895224
    0.0074194738
    0.0078456430
    0.0082526927
    0.0086273273
    0.0089574812
    0.0092330123
    0.0094459755
    0.0095893733
    0.0096535257
    0.0096183279
    0.0094385157
    0.0090175120
    0.0081636272
    0.0065262060
    0.0035305608
    0.0060721987
    0.0066532761
    0.0072001896
    0.0076964919
    0.0081276020
    0.0084791039
    0.0087368640
    0.0088863920
    0.0089100608
    0.0087804143
    0.0084475012
    0.0078174887
    0.0067209267
    0.0048768244
    0.0018832349
   -0.0026833166
    0.0045730152
    0.0053637767
    0.0060890949
    0.0067324651
    0.0072773259
    0.0077054926
    0.0079966631
    0.0081274917
    0.0080678661
    0.0077722305
    0.0071640397
    0.0061136032
    0.0044179956
    0.0018145528
   -0.0019025992
   -0.0065866485
    0.0038656559
    0.0048343979
    0.0056662343
    0.0063465831
    0.0068513844
    0.0071493571
    0.0072007495
    0.0069510855
    0.0063181035
    0.0051750734
    0.0033496363
    0.0006903184
   -0.0027233070
   -0.0062621103
    0.0015838870
    0.0029981952
    0.0041653748
    0.0050947258
    0.0057570753
    0.0060999575
    0.0060506884
    0.0055099553
    0.0043447777
    0.0024226640
   -0.0002161615
   -0.0030163082
   -0.0048257563
    0.0009447697
    0.0025934271
    0.0038561507
    0.0046552027
    0.0048546608
    0.0042727966
    0.0027432740
    0.0004191433
   -0.0016142918
   -0.0018000626
   -0.0002067719
    0.0017951695
    0.0032004855
    0.0032318587
    0.0013560403
    0.0004904456
    0.0015607944
    0.0067205967
    0.0061645306
    0.0071685374
    0.0079215417
    0.0077913313
    0.0066179809
    0.0050269313
    0.0043143742
    0.0048155068
    0.0059288570
    0.0070938613
    0.0080399103
    0.0086885334
    0.0090282932
    0.0089829669
    0.0083296472
    0.0068496726
    0.0047811603
    0.0029822002
    0.0022310954
    0.0025748835
    0.0035797615
    0.0048240347
    0.0060554342
    0.0071473273
    0.0080464315
    0.0087482530
    0.0092813425
    0.0096841885
    0.0099665384
    0.0100537280
    0.0097337920
    0.0086806739
    0.0066728215
    0.0039706040
    0.0014115951
   -0.0001299494
   -0.0003757472
    0.0003568414
    0.0015882957
    0.0029728995
    0.0043303512
    0.0055776299
    0.0066753032
    0.0076057091
    0.0083685910
    0.0089815613
    0.0094790408
    0.0099070045
    0.0103115475
    0.0107178721
    0.0110952509
    0.0113065853
    0.0110598730
    0.0099276528
    0.0075534638
    0.0040585518
    0.0002848658
   -0.0025977782
   -0.0038716512
   -0.0036225282
   -0.0024172872
   -0.0008190363
    0.0008311271
    0.0023867542
    0.0038019182
    0.0050658014
    0.0061752783
    0.0071288698
    0.0079290649
    0.0085863204
    0.0091220147
    0.0095694626
    0.0099729071
    0.0103841764
    0.0108556826
    0.0114267347
    0.0120981550
    0.0127884246
    0.0132679090
    0.0130918379
    0.0116239630
    0.0083258864
    0.0033352687
   -0.0048150686
   -0.0026175791
   -0.0006167964
    0.0011432576
    0.0026852664
    0.0040405807
    0.0052311140
    0.0062683824
    0.0071580488
    0.0079056943
    0.0085216973
    0.0090244658
    0.0094420698
    0.0098127829
    0.0101848612
    0.0106153700
    0.0111672301
    0.0119021844
    0.0128657235
    0.0140564899
    0.0153673709
    0.0164828269
    0.0003489194
    0.0019871911
    0.0033986458
    0.0046290640
    0.0057036362
    0.0066341327
    0.0074262743
    0.0080861802
    0.0086249918
    0.0090614554
    0.0094232600
    0.0097476571
    0.0100820619
    0.0104847839
    0.0110255698
    0.0117851247
    0.0128516088
    0.0143105794
    0.0162200407
    0.0185515049
    0.0029844735
    0.0042350557
    0.0053253435
    0.0062755163
    0.0070925155
    0.0077792331
    0.0083413488
    0.0087912786
    0.0091498571
    0.0094469986
    0.0097221952
    0.0100255615
    0.0104197370
    0.0109826949
    0.0118111166
    0.0130236901
    0.0147633231
    0.0060542700
    0.0068825863
    0.0075892204
    0.0081718679
    0.0086352783
    0.0089938773
    0.0092721282
    0.0095042344
    0.0097344205
    0.0100184462
    0.0104269165
    0.0110505977
    0.0120079960
    0.0086264376
    0.0089919371
    0.0092594393
    0.0094589527
    0.0096312110
    0.0098274394
    0.0101115193
   -0.0026631145
   -0.0006027846
    0.0010251525
    0.0023604231
   -0.0054034427
   -0.0027348519
   -0.0006691613
    0.0009494206
    0.0022396869
    0.0033073395
    0.0042602808
   -0.0081757749
   -0.0048452161
   -0.0022899376
   -0.0003010063
    0.0012598194
    0.0024949460
    0.0034913126
    0.0043329928
    0.0051093486
    0.0059203197
   -0.0118309414
   -0.0075969322
   -0.0043913278
   -0.0019111181
    0.0000309549
    0.0015591692
    0.0027646281
    0.0037227366
    0.0045039964
    0.0051810612
    0.0058333922
    0.0065497847
   -0.0178016656
   -0.0120162756
   -0.0077437098
   -0.0044892226
   -0.0019586247
    0.0000308378
    0.0016000090
    0.0028359025
    0.0038082662
    0.0045798224
    0.0052130014
    0.0057744372
    0.0063378181
    0.0069848590
   -0.0137483630
   -0.0090578737
   -0.0054916363
   -0.0027198187
   -0.0005383878
    0.0011853606
    0.0025439671
    0.0036081179
    0.0044379308
    0.0050901809
    0.0056231777
    0.0061000072
    0.0065903278
    0.0071702735
   -0.0179359296
   -0.0122084024
   -0.0079076477
   -0.0045933084
   -0.0019955263
    0.0000569141
    0.0016783509
    0.0029508058
    0.0039387871
    0.0046986375
    0.0052846008
    0.0057529082
    0.0061643275
    0.0065853263
    0.0070874436
   -0.0186883958
   -0.0128186411
   -0.0083875904
   -0.0049630228
   -0.0022755213
   -0.0001525164
    0.0015217358
    0.0028302212
    0.0038380263
    0.0046017055
    0.0051753397
    0.0056145534
    0.0059788510
    0.0063325145
    0.0067440779
   -0.0161213920
   -0.0109406296
   -0.0069559547
   -0.0038416474
   -0.0013874983
    0.0005459205
    0.0020560909
    0.0032166899
    0.0040891939
    0.0047303578
    0.0051970039
    0.0055488251
    0.0058495058
    0.0061666978
   -0.0171466476
   -0.0118069313
   -0.0076558131
   -0.0043982697
   -0.0018322638
    0.0001806999
    0.0017396246
    0.0029209110
    0.0037897421
    0.0044075490
    0.0048365562
    0.0051420517
    0.0053930016
    0.0056632059
   -0.0164575259
   -0.0114266364
   -0.0074082218
   -0.0042184584
   -0.0017052934
    0.0002471848
    0.0017290810
    0.0028159917
    0.0035778887
    0.0040848589
    0.0044099442
    0.0046297957
    0.0048265352
   -0.0108634066
   -0.0070512355
   -0.0039608572
   -0.0015268993
    0.0003294591
    0.0016861263
    0.0026211683
    0.0032163686
    0.0035587705
    0.0037395590
   -0.0112992150
   -0.0076857141
   -0.0045299778
   -0.0019929798
   -0.0000878487
    0.0012353024
    0.0020594315
    0.0024880295
    0.0026327720
   -0.0073068162
   -0.0043487211
   -0.0018717265
   -0.0001156748
    0.0009072892
    0.0012958183
   -0.0049846501
   -0.0023812220
   -0.0006380869
   -0.0031157044
    0.0069523186
    0.0042740097
    0.0075436309
    0.0110540981
    0.0114164809
    0.0087419463
    0.0040862489
   -0.0004576497
    0.0138194623
    0.0151815589
    0.0150948888
    0.0135431947
    0.0105472917
    0.0062534632
    0.0010475035
   -0.0042548271
    0.0165865210
    0.0177641600
    0.0181962215
    0.0177983604
    0.0164982793
    0.0142424159
    0.0110021420
    0.0067878428
    0.0016834628
   -0.0040756525
    0.0194053429
    0.0201492670
    0.0204276760
    0.0201464239
    0.0192390594
    0.0176498893
    0.0153299056
    0.0122359218
    0.0083319650
    0.0035967966
   -0.0019530660
    0.0214078000
    0.0219289732
    0.0220822631
    0.0218017056
    0.0210365710
    0.0197406355
    0.0178696822
    0.0153798004
    0.0122254819
    0.0083577186
    0.0037241825
   -0.0017241739
    0.0226023987
    0.0230650596
    0.0232163709
    0.0230120345
    0.0224129902
    0.0213807359
    0.0198768437
    0.0178622433
    0.0152955209
    0.0121303886
    0.0083124498
    0.0037760735
   -0.0015565903
   -0.0077687859
    0.0229824069
    0.0235348920
    0.0238189060
    0.0238065445
    0.0234690585
    0.0227743079
    0.0216884146
    0.0201766155
    0.0182027574
    0.0157277772
    0.0127070108
    0.0090867556
    0.0047996638
   -0.0002397811
   -0.0061381223
    0.0236709018
    0.0239617232
    0.0239836455
    0.0237158188
    0.0231300032
    0.0221946305
    0.0208767881
    0.0191424383
    0.0169552992
    0.0142748563
    0.0110531899
    0.0072308667
    0.0027314705
   -0.0025446680
    0.0234590236
    0.0236786294
    0.0236476623
    0.0233451280
    0.0227418363
    0.0218053886
    0.0205021852
    0.0187976993
    0.0166553859
    0.0140345566
    0.0108873895
    0.0071546836
    0.0027602684
   -0.0023962376
    0.0225276572
    0.0228324392
    0.0229232727
    0.0227784789
    0.0223674925
    0.0216551761
    0.0206050007
    0.0191802156
    0.0173433360
    0.0150543682
    0.0122684362
    0.0089321146
    0.0049784631
    0.0003205684
   -0.0051567690
    0.0215921605
    0.0216941811
    0.0216159004
    0.0213061229
    0.0207183366
    0.0198077861
    0.0185312712
    0.0168461961
    0.0147088456
    0.0120716241
    0.0088794786
    0.0050648751
    0.0005412754
   -0.0048054119
    0.0200444222
    0.0199372899
    0.0196611551
    0.0191326504
    0.0182875679
    0.0170696067
    0.0154260991
    0.0133047902
    0.0106502270
    0.0073992777
    0.0034753376
   -0.0012192736
   -0.0068127073
    0.0177792817
    0.0174765310
    0.0169727608
    0.0161571290
    0.0149477932
    0.0132741261
    0.0110688974
    0.0082623000
    0.0047756406
    0.0005136380
   -0.0046450606
    0.0147722375
    0.0142916766
    0.0135298953
    0.0123483592
    0.0106429859
    0.0083209392
    0.0052887424
    0.0014425167
   -0.0033426913
    0.0110851545
    0.0104960146
    0.0095103364
    0.0079430361
    0.0056519276
    0.0025045479
   -0.0016396863
   -0.0069435876
    0.0062933522
    0.0054140964
    0.0037586296
    0.0011099136
   -0.0027316374
   -0.0012235417
   -0.0026204103
   -0.0041469323
    0.0006241022
   -0.0021602549
   -0.0056470415
   -0.0076900059
   -0.0073195583
   -0.0045696948
   -0.0080068974
   -0.0102486081
   -0.0109103835
   -0.0099687802
   -0.0074433153
   -0.0106066673
   -0.0127238783
   -0.0136266256
   -0.0132896152
   -0.0118162483
   -0.0080303964
   -0.0114018776
   -0.0139371445
   -0.0155095893
   -0.0160623407
   -0.0156072387
   -0.0142249137
   -0.0075573757
   -0.0112155099
   -0.0141845662
   -0.0163641849
   -0.0176914772
   -0.0181397971
   -0.0177220197
   -0.0164944754
   -0.0145587828
   -0.0076776600
   -0.0114395740
   -0.0145841492
   -0.0170398845
   -0.0187558299
   -0.0197005544
   -0.0198649993
   -0.0192667650
   -0.0179545301
   -0.0160117480
   -0.0103761110
   -0.0138261671
   -0.0166722840
   -0.0188709004
   -0.0203885886
   -0.0212036412
   -0.0213094513
   -0.0207184337
   -0.0194659725
   -0.0176142606
   -0.0100565794
   -0.0136140644
   -0.0166188430
   -0.0190366126
   -0.0208379634
   -0.0219995234
   -0.0225067415
   -0.0223572705
   -0.0215641145
   -0.0201587652
   -0.0181944315
   -0.0090790606
   -0.0127852999
   -0.0159839106
   -0.0186464806
   -0.0207466580
   -0.0222605538
   -0.0231689286
   -0.0234599775
   -0.0231321560
   -0.0221966116
   -0.0206793938
   -0.0186234101
   -0.0100286525
   -0.0136121346
   -0.0167133503
   -0.0193078646
   -0.0213717047
   -0.0228820485
   -0.0238192711
   -0.0241695223
   -0.0239270390
   -0.0230961003
   -0.0216924036
   -0.0197437182
   -0.0172898469
   -0.0078267730
   -0.0116334150
   -0.0150020075
   -0.0179080408
   -0.0203278007
   -0.0222375033
   -0.0236143494
   -0.0244386349
   -0.0246959127
   -0.0243789767
   -0.0234892489
   -0.0220372224
   -0.0200418547
   -0.0175278391
   -0.0092061175
   -0.0128206817
   -0.0160185425
   -0.0187736406
   -0.0210606364
   -0.0228543207
   -0.0241307760
   -0.0248692482
   -0.0250541633
   -0.0246766142
   -0.0237353892
   -0.0222367019
   -0.0201921858
   -0.0176134895
   -0.0091885224
   -0.0127491656
   -0.0159252536
   -0.0186858799
   -0.0210021337
   -0.0228458453
   -0.0241903276
   -0.0250119239
   -0.0252917716
   -0.0250173529
   -0.0241832787
   -0.0227909347
   -0.0208460983
   -0.0183528632
   -0.0105419167
   -0.0139062042
   -0.0169063391
   -0.0195054993
   -0.0216697513
   -0.0233671205
   -0.0245680840
   -0.0252470895
   -0.0253842144
   -0.0249663849
   -0.0239878207
   -0.0224490427
   -0.0203531800
   -0.0176972083
   -0.0086978897
   -0.0121402929
   -0.0152830612
   -0.0180749700
   -0.0204720360
   -0.0224343937
   -0.0239255053
   -0.0249128533
   -0.0253694333
   -0.0252751900
   -0.0246180730
   -0.0233939415
   -0.0216045571
   -0.0192520449
   -0.0097410886
   -0.0130019233
   -0.0159937542
   -0.0186535648
   -0.0209273892
   -0.0227673044
   -0.0241304985
   -0.0249800011
   -0.0252861270
   -0.0250279564
   -0.0241943212
   -0.0227834815
   -0.0208006228
   -0.0182513510
   -0.0090492526
   -0.0122212724
   -0.0152001573
   -0.0179012650
   -0.0202530473
   -0.0221932847
   -0.0236674280
   -0.0246286892
   -0.0250394107
   -0.0248727756
   -0.0241143486
   -0.0227624970
   -0.0208271487
   -0.0183254398
   -0.0088192639
   -0.0118300429
   -0.0147299500
   -0.0174108744
   -0.0197793165
   -0.0217542075
   -0.0232652035
   -0.0242528704
   -0.0246700456
   -0.0244842389
   -0.0236798477
   -0.0222594698
   -0.0202440927
   -0.0176713863
   -0.0051976815
   -0.0078260624
   -0.0106097704
   -0.0134169733
   -0.0161145216
   -0.0185786225
   -0.0206985216
   -0.0223773442
   -0.0235327713
   -0.0240992045
   -0.0240309341
   -0.0233059388
   -0.0219291429
   -0.0199350952
   -0.0173904476
   -0.0015970046
   -0.0033264523
   -0.0053148657
   -0.0075870330
   -0.0100940586
   -0.0127295320
   -0.0153539224
   -0.0178174263
   -0.0199752918
   -0.0216962751
   -0.0228680257
   -0.0234022444
   -0.0232409187
   -0.0223631302
   -0.0207916996
   -0.0185996556
   -0.0047542516
   -0.0066668371
   -0.0088251456
   -0.0112102294
   -0.0137269769
   -0.0162227406
   -0.0185160289
   -0.0204226367
   -0.0217750671
   -0.0224377529
   -0.0223215043
   -0.0213980633
   -0.0197140977
   -0.0174034031
   -0.0077782766
   -0.0098809863
   -0.0122169694
   -0.0146748177
   -0.0170573986
   -0.0191151685
   -0.0205925455
   -0.0212730462
   -0.0210206996
   -0.0198185000
   -0.0177995152
   -0.0093834375
   -0.0115145458
   -0.0139165421
   -0.0163309575
   -0.0183762948
   -0.0196252812
   -0.0197381925
   -0.0186068895
   -0.0164666371
   -0.0121079773
   -0.0145431079
   -0.0168643382
   -0.0180869385
   -0.0174240865
   -0.0151353742
   -0.0145164456
   -0.0162023590
   -0.0148854909
   -0.0078038836
   -0.0066202742
   -0.0101001670
   -0.0080036860
   -0.0057879452
   -0.0036730883
   -0.0112457316
   -0.0086102668
   -0.0061532606
   -0.0039654207
   -0.0020535879
   -0.0132319318
   -0.0101765559
   -0.0074362124
   -0.0050580942
   -0.0030256622
   -0.0012923722
    0.0001997018
    0.0015099310
   -0.0151399016
   -0.0116717404
   -0.0086300965
   -0.0060285978
   -0.0038330981
   -0.0019904140
   -0.0004414438
    0.0008741526
    0.0020152450
    0.0030348982
    0.0138615804
    0.0156717442
   -0.0149037316
   -0.0112928642
   -0.0082005431
   -0.0055912595
    0.0030895856
    0.0039081356
    0.0046715962
    0.0121849420
    0.0135803735
    0.0153991558
    0.0177384235
   -0.0139975419
   -0.0103793816
    0.0047557493
    0.0053636543
    0.0059457713
    0.0064929800
    0.0097347666
    0.0103439780
    0.0111743155
    0.0122841968
    0.0137431367
    0.0156390610
    0.0180893314
   -0.0140933741
    0.0053227526
    0.0058081059
    0.0062795350
    0.0067235407
    0.0071251163
    0.0074736506
    0.0077665741
    0.0080107209
    0.0082218715
    0.0084230186
    0.0086422316
    0.0089108372
    0.0092626151
    0.0097342010
    0.0103665856
    0.0112073114
    0.0123133987
    0.0137556532
    0.0156258814
    0.0180485987
    0.0055468066
    0.0059311590
    0.0063198164
    0.0066982576
    0.0070505888
    0.0073656404
    0.0076403059
    0.0078803845
    0.0080994339
    0.0083164866
    0.0085535229
    0.0146890052
    0.0167469837
    0.0060568740
    0.0063744325
    0.0066987116
    0.0070130717
    0.0073064640
    0.0075762739
    0.0078283048
    0.0080747055
    0.0159712105
    0.0060524777
    0.0063065813
    0.0065892804
    0.0068829689
    0.0071754954
    0.0074631646
    0.0077503566
    0.0060570713
    0.0062826855
    0.0065506484
    0.0068450620
    0.0071571189
    0.0074864146
    0.0059624720
    0.0061963959
    0.0064849427
    0.0068168510
    0.0057188884
    0.0059785446
    0.0063096349
    0.0052486992
    0.0055087312
    0.0058601824
    0.0049457043
    0.0053253355
    0.0041294591
    0.0045034528
   -0.0150569289
    0.0035936804
   -0.0152268488
   -0.0116369715
    0.0028153721
   -0.0064121437
   -0.0152271188
   -0.0121278991
   -0.0090193909
    0.0012404061
    0.0019249056
   -0.0101025360
   -0.0137241946
   -0.0113856804
   -0.0086667803
   -0.0060372598
   -0.0006701514
    0.0003437920
    0.0011860886
   -0.0077670377
   -0.0102694126
   -0.0114009708
   -0.0108717003
   -0.0090640353
   -0.0066937154
   -0.0043844036
   -0.0024773129
   -0.0010328428
    0.0000514243
   -0.0073650550
   -0.0082531635
   -0.0072733267
   -0.0051939569
   -0.0030635425
   -0.0014496013
   -0.0047859705
   -0.0055457744
   -0.0035918940
   -0.0032965107
    0.0091098624
    0.0094599305
    0.0099722833
    0.0106901739
    0.0116808424
    0.0084669915
    0.0085819739
    0.0087840674
    0.0090824597
    0.0094941542
    0.0100471677
    0.0107847402
    0.0117717068
    0.0131049903
    0.0149321723
    0.0081235491
    0.0081900866
    0.0083179194
    0.0085079957
    0.0087649332
    0.0090988185
    0.0095271554
    0.0100771954
    0.0107891974
    0.0117213006
    0.0129574006
    0.0146205676
    0.0078115486
    0.0078987933
    0.0080304847
    0.0082049782
    0.0084229734
    0.0086887694
    0.0090114235
    0.0094060060
    0.0098950783
    0.0105105379
    0.0112961765
    0.0123112567
    0.0136355856
    0.0153764354
    0.0074201877
    0.0075215222
    0.0076555193
    0.0078185428
    0.0080080719
    0.0082235536
    0.0084672307
    0.0087448721
    0.0090664202
    0.0094465617
    0.0099051611
    0.0104674009
    0.0111631788
    0.0120247577
    0.0130801224
    0.0069667953
    0.0071096508
    0.0072747324
    0.0074572063
    0.0076531644
    0.0078599105
    0.0080765106
    0.0083042909
    0.0085471298
    0.0088115427
    0.0091063186
    0.0094414660
    0.0098258517
    0.0102623482
    0.0107380988
    0.0112052900
    0.0064279489
    0.0066269131
    0.0068384184
    0.0070562635
    0.0072755653
    0.0074923560
    0.0077037834
    0.0079083895
    0.0081062174
    0.0082985788
    0.0084871885
    0.0086724095
    0.0088498045
    0.0090038821
    0.0090969039
    0.0090492543
    0.0087060617
    0.0057433838
    0.0060102154
    0.0062813198
    0.0065483429
    0.0068052897
    0.0070471059
    0.0072693635
    0.0074683486
    0.0076410042
    0.0077844970
    0.0078950412
    0.0079656263
    0.0079818906
    0.0079150254
    0.0077101278
    0.0072676849
    0.0064164921
    0.0048801435
    0.0051182599
    0.0054723936
    0.0058135221
    0.0061339198
    0.0064274211
    0.0066882683
    0.0069107755
    0.0070892016
    0.0072173174
    0.0072872158
    0.0072870084
    0.0071966478
    0.0069810618
    0.0065795216
    0.0058904478
    0.0047529315
    0.0029324760
    0.0001320111
    0.0041043281
    0.0045796328
    0.0050218790
    0.0054257612
    0.0057855060
    0.0060947141
    0.0063461070
    0.0065313335
    0.0066403440
    0.0066598329
    0.0065701935
    0.0063402375
    0.0059190569
    0.0052250372
    0.0041341066
    0.0024751600
    0.0000515930
   -0.0032799142
    0.0034240964
    0.0040239843
    0.0045524886
    0.0050101718
    0.0053921262
    0.0056899301
    0.0058920730
    0.0059833828
    0.0059429607
    0.0057400280
    0.0053272461
    0.0046319573
    0.0035488867
    0.0019445679
   -0.0003056155
   -0.0032210176
    0.0023494425
    0.0031432172
    0.0038077545
    0.0043549576
    0.0047818941
    0.0050763590
    0.0052185710
    0.0051799450
    0.0049189469
    0.0043744881
    0.0034603440
    0.0020719158
    0.0001289823
   -0.0023186899
   -0.0049426730
    0.0010683403
    0.0021366078
    0.0029874764
    0.0036448121
    0.0041045997
    0.0043423986
    0.0043161371
    0.0039640043
    0.0032021490
    0.0019389302
    0.0001433295
   -0.0019996270
   -0.0039385697
   -0.0049180255
    0.0001395786
    0.0014509345
    0.0024443979
    0.0031056892
    0.0033846085
    0.0031911338
    0.0024099899
    0.0009781197
   -0.0008702008
   -0.0023190801
   -0.0024232814
   -0.0012297511
    0.0003695289
    0.0016648952
    0.0022766456
    0.0018598900
    0.0003185620
   -0.0007356449
    0.0006999316
    0.0005798432
    0.0051399744
    0.0046976943
    0.0054755157
    0.0060933336
    0.0060110679
    0.0051129443
    0.0038996709
    0.0033186959
    0.0036520429
    0.0044880959
    0.0054002112
    0.0061704379
    0.0067229707
    0.0070246268
    0.0069978475
    0.0064871207
    0.0053762655
    0.0038556023
    0.0024942952
    0.0018331162
    0.0019727894
    0.0026582016
    0.0035813121
    0.0045324442
    0.0054015740
    0.0061424948
    0.0067464891
    0.0072249383
    0.0075914455
    0.0078374934
    0.0079020291
    0.0076490275
    0.0068914714
    0.0055117583
    0.0036518297
    0.0017784950
    0.0004480780
   -0.0000449455
    0.0002252636
    0.0009871265
    0.0019738417
    0.0030074964
    0.0039920448
    0.0048820996
    0.0056596299
    0.0063224798
    0.0068797991
    0.0073495042
    0.0077546181
    0.0081166220
    0.0084441854
    0.0087158168
    0.0088571779
    0.0087210843
    0.0080944997
    0.0067739543
    0.0047266509
    0.0022451717
   -0.0000933431
   -0.0017161171
   -0.0023580920
   -0.0021205192
   -0.0013014101
   -0.0001999241
    0.0009772615
    0.0021176987
    0.0031707508
    0.0041177365
    0.0049542516
    0.0056823617
    0.0063084249
    0.0068432617
    0.0073027256
    0.0077076805
    0.0080827252
    0.0084533176
    0.0088403647
    0.0092509513
    0.0096634898
    0.0100061952
    0.0101318931
    0.0098043954
    0.0087330362
    0.0067009784
    0.0037722742
    0.0004232022
   -0.0025939920
   -0.0046185833
   -0.0053903481
   -0.0050727978
   -0.0040470421
   -0.0026879348
   -0.0012537708
    0.0001181911
    0.0013723373
    0.0024954770
    0.0034917712
    0.0043702346
    0.0051399637
    0.0058093843
    0.0063873593
    0.0068847483
    0.0073157118
    0.0076984524
    0.0080553013
    0.0084121801
    0.0087970675
    0.0092370584
    0.0097528658
    0.0103490414
    0.0109974854
    0.0116116179
    0.0120118023
    0.0118957681
   -0.0028773383
   -0.0012340261
    0.0002121840
    0.0014738942
    0.0025746371
    0.0035375431
    0.0043813249
    0.0051198693
    0.0057635865
    0.0063214715
    0.0068031095
    0.0072202891
    0.0075880310
    0.0079251815
    0.0082546479
    0.0086033865
    0.0090019533
    0.0094833667
    0.0100805522
    0.0108211428
    0.0117173864
    0.0127475197
    0.0138227676
    0.0147349634
    0.0008073171
    0.0019899351
    0.0030092128
    0.0038955041
    0.0046702892
    0.0053480477
    0.0059388319
    0.0064509570
    0.0068931826
    0.0072763056
    0.0076141458
    0.0079241382
    0.0082277617
    0.0085508905
    0.0089241670
    0.0093832846
    0.0099689420
    0.0107258955
    0.0117001736
    0.0129324448
    0.0144433213
    0.0162019655
    0.0025576583
    0.0034867939
    0.0042932068
    0.0049985439
    0.0056160865
    0.0061543687
    0.0066203876
    0.0070219504
    0.0073691680
    0.0076752974
    0.0079572356
    0.0082359267
    0.0085368953
    0.0088909867
    0.0093354209
    0.0099150676
    0.0106837746
    0.0117055345
    0.0130549066
    0.0148151917
    0.0045818243
    0.0052345533
    0.0058085067
    0.0063101235
    0.0067443152
    0.0071172468
    0.0074378618
    0.0077185803
    0.0079756324
    0.0082293400
    0.0085046014
    0.0088318604
    0.0092485666
    0.0098013423
    0.0105488487
    0.0115655609
    0.0063553270
    0.0067801687
    0.0071456577
    0.0074576087
    0.0077261337
    0.0079656705
    0.0081949111
    0.0084369527
    0.0087200021
    0.0090788646
    0.0095574024
   -0.0025020081
   -0.0009097901
    0.0004087253
    0.0015333685
   -0.0076842657
   -0.0051170469
   -0.0030735943
   -0.0014226868
   -0.0000697855
    0.0010583303
    0.0020237332
    0.0028840707
    0.0036969960
   -0.0109427532
   -0.0077065040
   -0.0051684038
   -0.0031420707
   -0.0015016658
   -0.0001582846
    0.0009550706
    0.0018930832
    0.0027043587
    0.0034355023
    0.0041336535
   -0.0112153098
   -0.0079543285
   -0.0053887323
   -0.0033344453
   -0.0016679082
   -0.0003026445
    0.0008253207
    0.0017667559
    0.0025652296
    0.0032610691
    0.0038939631
    0.0045044693
    0.0051345209
   -0.0129014084
   -0.0092985331
   -0.0064740745
   -0.0042179799
   -0.0023906432
   -0.0008960468
    0.0003348658
    0.0013546881
    0.0022063269
    0.0029274703
    0.0035535801
    0.0041198553
    0.0046624030
    0.0052185496
   -0.0130224493
   -0.0094242895
   -0.0065897039
   -0.0043168570
   -0.0024706924
   -0.0009579459
    0.0002884854
    0.0013194301
    0.0021759172
    0.0028934359
    0.0035048589
    0.0040423627
    0.0045387056
    0.0050277660
    0.0055443654
   -0.0123571120
   -0.0089275568
   -0.0062035608
   -0.0040061366
   -0.0022138603
   -0.0007418008
    0.0004718379
    0.0014743453
    0.0023042039
    0.0029948940
    0.0035774939
    0.0040824699
    0.0045407797
    0.0049844255
    0.0054463593
    0.0059596104
   -0.0158446499
   -0.0116837913
   -0.0084124826
   -0.0057952532
   -0.0036734238
   -0.0019377416
   -0.0005107280
    0.0006647803
    0.0016331349
    0.0024309169
    0.0030903504
    0.0036416404
    0.0041145409
    0.0045393517
    0.0049473470
    0.0053706429
    0.0058415254
   -0.0157682627
   -0.0116562129
   -0.0084035121
   -0.0057909791
   -0.0036684432
   -0.0019312438
   -0.0005043825
    0.0006679323
    0.0016293752
    0.0024162706
    0.0030608497
    0.0035934871
    0.0040442111
    0.0044435567
    0.0048229748
    0.0052147046
    0.0056515240
   -0.0130088222
   -0.0094980127
   -0.0066785963
   -0.0043908521
   -0.0025220108
   -0.0009909413
    0.0002626263
    0.0012856035
    0.0021166822
    0.0027899199
    0.0033371745
    0.0037897112
    0.0041791801
    0.0045380309
    0.0048996059
    0.0052985771
   -0.0127952099
   -0.0093499679
   -0.0065637002
   -0.0042959681
   -0.0024439221
   -0.0009314954
    0.0002992512
    0.0012945768
    0.0020937357
    0.0027322226
    0.0032439953
    0.0036628526
    0.0040231348
    0.0043600879
    0.0047105632
   -0.0160345685
   -0.0120396486
   -0.0087703680
   -0.0060981375
   -0.0039144271
   -0.0021334895
   -0.0006882809
    0.0004749166
    0.0014012731
    0.0021311665
    0.0027028125
    0.0031539368
    0.0035226347
    0.0038478301
    0.0041703564
   -0.0119077832
   -0.0087203686
   -0.0060689559
   -0.0038886784
   -0.0021141436
   -0.0006870402
    0.0004438212
    0.0013248969
    0.0020003470
    0.0025137856
    0.0029091056
    0.0032306619
    0.0035240333
   -0.0103139957
   -0.0074622095
   -0.0050411434
   -0.0030456944
   -0.0014411079
   -0.0001828046
    0.0007772036
    0.0014889071
    0.0020038994
    0.0023742481
    0.0026505121
   -0.0089542780
   -0.0063976473
   -0.0041624239
   -0.0023275243
   -0.0008957769
    0.0001664829
    0.0009113129
    0.0013988509
    0.0016867355
   -0.0067542834
   -0.0045230868
   -0.0025970158
   -0.0011255050
   -0.0001267292
    0.0004414799
   -0.0053805212
   -0.0033258124
   -0.0016562174
   -0.0007680867
   -0.0021823514
    0.0051125356
    0.0033828286
    0.0056846017
    0.0079883148
    0.0080620344
    0.0060802169
    0.0029157273
    0.0000798277
    0.0100493073
    0.0108767942
    0.0106721273
    0.0094533908
    0.0072734710
    0.0042920942
    0.0008479966
   -0.0024581801
    0.0128298387
    0.0130531418
    0.0126988837
    0.0117247906
    0.0101052393
    0.0078406384
    0.0049705237
    0.0015973097
   -0.0020728047
    0.0145960531
    0.0147906862
    0.0146218445
    0.0140384577
    0.0130024462
    0.0114852915
    0.0094680885
    0.0069442254
    0.0039257516
    0.0004565956
   -0.0033629584
    0.0159244671
    0.0161437537
    0.0161213362
    0.0158059466
    0.0151609983
    0.0141565752
    0.0127669066
    0.0109696885
    0.0087462105
    0.0060826819
    0.0029736680
   -0.0005702377
   -0.0045070599
    0.0169925026
    0.0171864282
    0.0171867859
    0.0169539694
    0.0164587243
    0.0156757336
    0.0145816398
    0.0131543892
    0.0113728270
    0.0092163021
    0.0066647856
    0.0036996901
    0.0003067117
   -0.0035175142
    0.0176982457
    0.0179071005
    0.0179476684
    0.0177922326
    0.0174184599
    0.0168054564
    0.0159327934
    0.0147804090
    0.0133283666
    0.0115564244
    0.0094434714
    0.0069670794
    0.0041032190
    0.0008269459
   -0.0028849655
    0.0182492730
    0.0183964670
    0.0183761228
    0.0181731247
    0.0177710651
    0.0171523605
    0.0162988783
    0.0151923046
    0.0138139754
    0.0121445473
    0.0101634171
    0.0078478993
    0.0051725465
    0.0021085648
   -0.0013759686
   -0.0053140999
    0.0183436072
    0.0185428498
    0.0185840770
    0.0184614163
    0.0181633966
    0.0176750965
    0.0169799592
    0.0160607262
    0.0148997356
    0.0134787663
    0.0117786477
    0.0097785050
    0.0074549349
    0.0047810152
    0.0017253507
   -0.0017484811
   -0.0056813497
    0.0184203014
    0.0185027538
    0.0184337612
    0.0182063838
    0.0178077294
    0.0172220120
    0.0164322699
    0.0154209903
    0.0141703193
    0.0126616733
    0.0108751579
    0.0087888317
    0.0063776561
    0.0036123511
    0.0004581987
   -0.0031258108
    0.0181493333
    0.0181372484
    0.0179836119
    0.0176770023
    0.0172015806
    0.0165396665
    0.0156730403
    0.0145831735
    0.0132512621
    0.0116576266
    0.0097810824
    0.0075979374
    0.0050809370
    0.0021978657
   -0.0010897987
   -0.0048279457
    0.0175799455
    0.0175120999
    0.0173180764
    0.0169801085
    0.0164781544
    0.0157915625
    0.0148997680
    0.0137823864
    0.0124189194
    0.0107880656
    0.0088669292
    0.0066299607
    0.0040476635
    0.0010851425
   -0.0022994423
   -0.0061560191
    0.0167042554
    0.0165158835
    0.0162091674
    0.0157550079
    0.0151266775
    0.0142990950
    0.0132483658
    0.0119511681
    0.0103839367
    0.0085218800
    0.0063378485
    0.0038009209
    0.0008748553
   -0.0024835821
   -0.0063260210
    0.0156384440
    0.0153820781
    0.0150433185
    0.0145721797
    0.0139301922
    0.0130845800
    0.0120057651
    0.0106657411
    0.0090367964
    0.0070901224
    0.0047943260
    0.0021138211
   -0.0009929939
   -0.0045754876
    0.0139580115
    0.0135559703
    0.0130411438
    0.0123548700
    0.0114522310
    0.0102950204
    0.0088482476
    0.0070778367
    0.0049486273
    0.0024223332
   -0.0005444360
   -0.0040021087
    0.0118430579
    0.0112948415
    0.0105844031
    0.0096446238
    0.0084229096
    0.0068733003
    0.0049522306
    0.0026154150
   -0.0001848438
   -0.0035019653
    0.0095016026
    0.0088485580
    0.0079878158
    0.0068334674
    0.0053183074
    0.0033829915
    0.0009703067
   -0.0019787631
   -0.0055275635
    0.0065927032
    0.0057946403
    0.0046744538
    0.0031300089
    0.0010768561
   -0.0015624992
   -0.0048637355
    0.0033522686
    0.0024686414
    0.0010862771
   -0.0009234674
   -0.0036712430
    0.0010084896
   -0.0009919690
   -0.0034312212
   -0.0048550596
   -0.0045917300
   -0.0027525932
   -0.0051438143
   -0.0067271848
   -0.0072240384
   -0.0066004849
   -0.0046979361
   -0.0069446420
   -0.0085033713
   -0.0092391819
   -0.0091172267
   -0.0081908110
   -0.0047726851
   -0.0072317823
   -0.0091728431
   -0.0104848198
   -0.0111085645
   -0.0110340013
   -0.0102972526
   -0.0063021439
   -0.0086703304
   -0.0105595806
   -0.0119016024
   -0.0126568554
   -0.0128135745
   -0.0123879956
   -0.0114240882
   -0.0075537247
   -0.0098588238
   -0.0117230832
   -0.0131004478
   -0.0139619061
   -0.0142953228
   -0.0141063740
   -0.0134197643
   -0.0122800118
   -0.0070028614
   -0.0094919597
   -0.0115996672
   -0.0132855823
   -0.0145204663
   -0.0152856005
   -0.0155733509
   -0.0153883861
   -0.0147491282
   -0.0136890931
   -0.0122579195
   -0.0084097179
   -0.0107794339
   -0.0127821274
   -0.0143891968
   -0.0155789924
   -0.0163367652
   -0.0166553901
   -0.0165366046
   -0.0159922541
   -0.0150456869
   -0.0137331457
   -0.0078911744
   -0.0103775882
   -0.0125308775
   -0.0143257407
   -0.0157417440
   -0.0167629767
   -0.0173784828
   -0.0175832080
   -0.0173790381
   -0.0167759565
   -0.0157931636
   -0.0144603144
   -0.0068172539
   -0.0094458875
   -0.0117731834
   -0.0137754925
   -0.0154330843
   -0.0167293586
   -0.0176509388
   -0.0181882842
   -0.0183365876
   -0.0180966184
   -0.0174757056
   -0.0164885033
   -0.0151579126
   -0.0135161190
   -0.0068035548
   -0.0094370547
   -0.0117870984
   -0.0138323605
   -0.0155546165
   -0.0169379610
   -0.0179688010
   -0.0186363254
   -0.0189332930
   -0.0188567661
   -0.0184088112
   -0.0175971113
   -0.0164354481
   -0.0149440734
   -0.0131501079
   -0.0068038134
   -0.0094286250
   -0.0117867441
   -0.0138577449
   -0.0156239886
   -0.0170696933
   -0.0181808961
   -0.0189458192
   -0.0193554842
   -0.0194043958
   -0.0190911274
   -0.0184187321
   -0.0173949721
   -0.0160322333
   -0.0143471020
   -0.0084970449
   -0.0109456324
   -0.0131305172
   -0.0150328390
   -0.0166357454
   -0.0179240037
   -0.0188840677
   -0.0195045955
   -0.0197770166
   -0.0196960491
   -0.0192601516
   -0.0184716635
   -0.0173365886
   -0.0158639110
   -0.0140640705
   -0.0082888709
   -0.0107377085
   -0.0129407907
   -0.0148775900
   -0.0165299249
   -0.0178812748
   -0.0189168060
   -0.0196236573
   -0.0199914488
   -0.0200128447
   -0.0196838153
   -0.0190038502
   -0.0179755937
   -0.0166039855
   -0.0148943012
   -0.0079305772
   -0.0103812190
   -0.0126065672
   -0.0145830587
   -0.0162900864
   -0.0177091173
   -0.0188234400
   -0.0196183281
   -0.0200814678
   -0.0202034280
   -0.0199780258
   -0.0194024490
   -0.0184769202
   -0.0172038519
   -0.0155858256
   -0.0065385759
   -0.0090495168
   -0.0113712010
   -0.0134734264
   -0.0153306445
   -0.0169203962
   -0.0182225538
   -0.0192191669
   -0.0198946679
   -0.0202363151
   -0.0202345392
   -0.0198832562
   -0.0191798013
   -0.0181243618
   -0.0167185562
   -0.0149627582
   -0.0082834201
   -0.0106227026
   -0.0127715108
   -0.0146980328
   -0.0163747952
   -0.0177775106
   -0.0188846475
   -0.0196774125
   -0.0201400454
   -0.0202602567
   -0.0200295643
   -0.0194433476
   -0.0185005038
   -0.0172023684
   -0.0155505152
   -0.0072114963
   -0.0095576541
   -0.0117554837
   -0.0137638049
   -0.0155474168
   -0.0170757400
   -0.0183218561
   -0.0192622582
   -0.0198769733
   -0.0201499109
   -0.0200693499
   -0.0196281490
   -0.0188236824
   -0.0176572227
   -0.0161324250
   -0.0072817003
   -0.0095478610
   -0.0116945790
   -0.0136724925
   -0.0154390209
   -0.0169571394
   -0.0181945352
   -0.0191232177
   -0.0197197323
   -0.0199654718
   -0.0198472845
   -0.0193577616
   -0.0184953269
   -0.0172637683
   -0.0156710527
   -0.0074252692
   -0.0095986054
   -0.0116827772
   -0.0136192598
   -0.0153565468
   -0.0168495837
   -0.0180591174
   -0.0189515489
   -0.0194991472
   -0.0196806225
   -0.0194818238
   -0.0188962960
   -0.0179255759
   -0.0165790803
   -0.0148737063
   -0.0046229636
   -0.0066507286
   -0.0087266626
   -0.0107773603
   -0.0127319642
   -0.0145252163
   -0.0160986456
   -0.0174008395
   -0.0183875660
   -0.0190222512
   -0.0192767770
   -0.0191324991
   -0.0185813156
   -0.0176265512
   -0.0162836858
   -0.0145812251
    0.0001486138
   -0.0011307058
   -0.0025944771
   -0.0042498739
   -0.0060706447
   -0.0080034872
   -0.0099775790
   -0.0119141414
   -0.0137340824
   -0.0153627526
   -0.0167326419
   -0.0177849610
   -0.0184709386
   -0.0187534021
   -0.0186085520
   -0.0180278202
   -0.0170197770
   -0.0156120107
   -0.0138537963
   -0.0018508248
   -0.0031991340
   -0.0047156954
   -0.0064007262
   -0.0082191455
   -0.0101062950
   -0.0119782283
   -0.0137426527
   -0.0153078017
   -0.0165886702
   -0.0175114476
   -0.0180170819
   -0.0180648044
   -0.0176357412
   -0.0167365645
   -0.0154030762
   -0.0137042889
   -0.0048498455
   -0.0064015204
   -0.0081080503
   -0.0099182732
   -0.0117460587
   -0.0134823877
   -0.0150098510
   -0.0162156498
   -0.0170020997
   -0.0172955216
   -0.0170544300
   -0.0162772411
   -0.0150092497
   -0.0133481810
   -0.0066116075
   -0.0082392049
   -0.0100021574
   -0.0117988365
   -0.0134865825
   -0.0149023988
   -0.0158886744
   -0.0163179746
   -0.0161156380
   -0.0152796015
   -0.0138952488
   -0.0074310154
   -0.0090439863
   -0.0108215965
   -0.0125734211
   -0.0140479062
   -0.0149798368
   -0.0151611996
   -0.0145142682
   -0.0131477648
   -0.0092018196
   -0.0109778699
   -0.0126929038
   -0.0137660967
   -0.0136953228
   -0.0124289860
   -0.0107258441
   -0.0123899854
   -0.0115027502
   -0.0112492188
   -0.0074536449
   -0.0064450788
   -0.0050973893
   -0.0081903612
   -0.0065557552
   -0.0048931923
   -0.0033037030
   -0.0094540430
   -0.0075468548
   -0.0057155349
   -0.0040260509
   -0.0025016375
   -0.0011392307
   -0.0113877081
   -0.0092128482
   -0.0071640832
   -0.0052989132
   -0.0036354812
   -0.0021682384
   -0.0008785006
    0.0002590558
   -0.0108037692
   -0.0085226105
   -0.0064646060
   -0.0046424800
   -0.0030480279
   -0.0016617996
   -0.0004584176
    0.0005905211
    0.0015142905
    0.0023406720
    0.0131364283
   -0.0110663683
   -0.0086688384
   -0.0065372464
   -0.0046687005
    0.0022459436
    0.0029435113
    0.0035810506
    0.0115929315
    0.0127710861
    0.0142137083
   -0.0110745640
   -0.0085965953
    0.0035361299
    0.0040669386
    0.0045644698
    0.0050331583
    0.0091781306
    0.0097725041
    0.0105221773
    0.0114603416
    0.0126246343
    0.0140583489
   -0.0121220863
    0.0043284598
    0.0047525605
    0.0051557821
    0.0055365376
    0.0058908353
    0.0062147392
    0.0065062966
    0.0076504440
    0.0078971811
    0.0081883045
    0.0085439250
    0.0089860882
    0.0095392830
    0.0102311250
    0.0110932676
    0.0121626124
    0.0134828571
    0.0046440124
    0.0050004700
    0.0053441397
    0.0056719443
    0.0059795054
    0.0062634016
    0.0065226989
    0.0067597114
    0.0069800911
    0.0071924333
    0.0074076158
    0.0076381800
    0.0078979369
    0.0110712803
    0.0121031646
    0.0133750546
    0.0048328328
    0.0051359919
    0.0054344635
    0.0057243909
    0.0060012698
    0.0062620330
    0.0065062816
    0.0067366863
    0.0069587139
    0.0071799586
    0.0074093475
    0.0131106145
    0.0050703529
    0.0053337752
    0.0055987137
    0.0058605056
    0.0061153797
    0.0063619148
    0.0066014787
    0.0068379350
    0.0052215853
    0.0054645012
    0.0057142603
    0.0059667968
    0.0062200272
    0.0064743828
    0.0052140350
    0.0054507598
    0.0057014848
    0.0059631426
    0.0062347073
    0.0049787633
    0.0052072963
    0.0054596359
    0.0057329461
    0.0048716089
    0.0051243392
    0.0054076007
    0.0045713288
    0.0048428561
    0.0051519533
    0.0041938848
    0.0044912997
    0.0038964662
    0.0031818908
    0.0035531889
   -0.0124313685
    0.0024890402
    0.0029114855
   -0.0112658448
    0.0015597237
    0.0020625856
   -0.0120200969
   -0.0099737817
   -0.0078278318
    0.0004912510
    0.0011294623
   -0.0080713452
   -0.0112349673
   -0.0098212554
   -0.0079897300
   -0.0060571866
   -0.0042531261
   -0.0014558430
   -0.0004680737
    0.0003228580
   -0.0059881944
   -0.0079400295
   -0.0091182956
   -0.0092300253
   -0.0083404201
   -0.0068001791
   -0.0050330173
   -0.0033670665
   -0.0019725423
   -0.0008802668
   -0.0055719858
   -0.0068536112
   -0.0069221899
   -0.0058545747
   -0.0042240512
   -0.0026263493
   -0.0013894442
   -0.0048365683
   -0.0048588318
   -0.0033179780
   -0.0029914736
    0.0086386681
    0.0090859003
    0.0096784591
    0.0077120885
    0.0079083194
    0.0081734337
    0.0085206815
    0.0089688915
    0.0095445950
    0.0102850323
    0.0112427332
    0.0072580140
    0.0073747022
    0.0075342056
    0.0077418215
    0.0080053046
    0.0083358658
    0.0087493515
    0.0092677675
    0.0099214118
    0.0107520466
    0.0118177708
    0.0132009446
    0.0069179612
    0.0070102235
    0.0071322364
    0.0072861038
    0.0074751692
    0.0077046482
    0.0079822746
    0.0083190587
    0.0087301515
    0.0092360222
    0.0098640308
    0.0106506955
    0.0116449435
    0.0129130657
    0.0065886220
    0.0066779826
    0.0067886793
    0.0069210853
    0.0070762493
    0.0072562793
    0.0074647762
    0.0077072648
    0.0079916377
    0.0083286278
    0.0087323766
    0.0092210512
    0.0098175678
    0.0105503282
    0.0114537971
    0.0062130232
    0.0063092053
    0.0064209405
    0.0065473148
    0.0066878711
    0.0068427680
    0.0070130139
    0.0072007434
    0.0074094726
    0.0076443336
    0.0079122305
    0.0082219346
    0.0085840100
    0.0090104508
    0.0095137135
    0.0101046136
    0.0107878674
    0.0058352787
    0.0059563248
    0.0060880336
    0.0062284579
    0.0063762967
    0.0065307637
    0.0066916707
    0.0068595909
    0.0070359913
    0.0072233074
    0.0074249431
    0.0076450501
    0.0078880605
    0.0081577792
    0.0084556254
    0.0087775302
    0.0091084032
    0.0094123339
    0.0054392962
    0.0055939732
    0.0057538780
    0.0059163193
    0.0060794002
    0.0062417197
    0.0064023248
    0.0065607667
    0.0067171272
    0.0068719821
    0.0070261778
    0.0071803702
    0.0073341550
    0.0074845596
    0.0076234906
    0.0077335442
    0.0077811308
    0.0077055424
    0.0074021720
    0.0049820330
    0.0051763812
    0.0053698332
    0.0055591477
    0.0057419514
    0.0059163091
    0.0060805644
    0.0062333126
    0.0063733284
    0.0064993855
    0.0066098777
    0.0067020356
    0.0067706576
    0.0068060227
    0.0067905347
    0.0066935726
    0.0064637673
    0.0060179706
    0.0052270837
    0.0043584894
    0.0046048882
    0.0048437257
    0.0050714269
    0.0052852434
    0.0054827645
    0.0056616805
    0.0058196331
    0.0059541104
    0.0060621990
    0.0061400571
    0.0061820235
    0.0061790744
    0.0061164359
    0.0059699424
    0.0057007346
    0.0052480517
    0.0045204815
    0.0033877345
    0.0016789368
    0.0036613084
    0.0039822694
    0.0042821842
    0.0045597289
    0.0048129718
    0.0050395855
    0.0052368276
    0.0054014693
    0.0055296071
    0.0056163004
    0.0056548430
    0.0056354727
    0.0055433208
    0.0053553350
    0.0050359222
    0.0045313912
    0.0037640280
    0.0026283842
    0.0009958755
   -0.0012618621
    0.0031503125
    0.0035473510
    0.0039022617
    0.0042172082
    0.0044915169
    0.0047227352
    0.0049069868
    0.0050389115
    0.0051112537
    0.0051139240
    0.0050323232
    0.0048447513
    0.0045187797
    0.0040068052
    0.0032420327
    0.0021380008
    0.0005980094
   -0.0014558303
   -0.0040255927
    0.0022603945
    0.0027912486
    0.0032451830
    0.0036330433
    0.0039579880
    0.0042184606
    0.0044094955
    0.0045229808
    0.0045470563
    0.0044646130
    0.0042507625
    0.0038693644
    0.0032695505
    0.0023847954
    0.0011400884
   -0.0005237361
   -0.0026001156
   -0.0049469906
    0.0017319758
    0.0023589473
    0.0028729704
    0.0032872902
    0.0036041429
    0.0038179829
    0.0039167421
    0.0038813240
    0.0036836390
    0.0032837194
    0.0026279160
    0.0016533613
    0.0003083863
   -0.0013999421
   -0.0033338232
   -0.0051732302
    0.0005001334
    0.0013745315
    0.0020648024
    0.0025946377
    0.0029701209
    0.0031819540
    0.0032073402
    0.0030097605
    0.0025383240
    0.0017330863
    0.0005506563
   -0.0009713319
   -0.0026190958
   -0.0039684475
   -0.0004451535
    0.0006472469
    0.0014885075
    0.0020758251
    0.0023932163
    0.0023987399
    0.0020264764
    0.0012077813
   -0.0000502252
   -0.0014975756
   -0.0025423138
   -0.0026020729
   -0.0017087019
   -0.0004360111
    0.0006917091
    0.0014051590
    0.0015299074
    0.0008945690
   -0.0003981672
   -0.0012393155
   -0.0004113316
    0.0006571966
    0.0000294489
    0.0041011264
    0.0037441959
    0.0043615676
    0.0048695016
    0.0048088173
    0.0041026681
    0.0031582739
    0.0026841344
    0.0029128296
    0.0035577414
    0.0042890013
    0.0049243731
    0.0053899543
    0.0056440832
    0.0056177705
    0.0052033965
    0.0043431841
    0.0031925256
    0.0021475125
    0.0015909778
    0.0016275665
    0.0021057933
    0.0028046003
    0.0035550096
    0.0042606756
    0.0048777978
    0.0053932979
    0.0058086207
    0.0061251156
    0.0063275607
    0.0063667613
    0.0061509262
    0.0055673333
    0.0045558985
    0.0032129505
    0.0018268342
    0.0007580396
    0.0002408659
    0.0002878407
    0.0007532758
    0.0014528740
    0.0022395701
    0.0030210154
    0.0037480413
    0.0043986995
    0.0049669859
    0.0054565250
    0.0058768258
    0.0062398704
    0.0065554758
    0.0068243020
    0.0070281066
    0.0071182888
    0.0070074876
    0.0065758023
    0.0057087728
    0.0043737254
    0.0027003949
    0.0009885894
   -0.0004030387
   -0.0012216069
   -0.0014124297
   -0.0010877347
   -0.0004290675
    0.0003955357
    0.0012669847
    0.0021148241
    0.0029032675
    0.0036172312
    0.0042528699
    0.0048124410
    0.0053020602
    0.0057308735
    0.0061105677
    0.0064545396
    0.0067762731
    0.0070864624
    0.0073883659
    0.0076709035
    0.0078992075
    0.0080040686
    0.0078751673
    0.0073693986
    0.0063502466
    0.0047643097
    0.0027251740
    0.0005354014
   -0.0014038943
   -0.0027556372
   -0.0033724245
   -0.0033099992
   -0.0027480782
   -0.0018919334
   -0.0009091555
    0.0000894731
    0.0010422625
    0.0019206844
    0.0027152912
    0.0034261947
    0.0040577052
    0.0046158799
    0.0051077783
    0.0055415730
    0.0059269124
    0.0062751783
    0.0065993909
    0.0069137282
    0.0072323850
    0.0075675438
    0.0079260536
    0.0083041056
    0.0086792869
    0.0089997673
    0.0091720157
    0.0090530153
    0.0084602153
   -0.0053972901
   -0.0044433008
   -0.0032819740
   -0.0020722162
   -0.0009071379
    0.0001685369
    0.0011397167
    0.0020069175
    0.0027775042
    0.0034608789
    0.0040662417
    0.0046019421
    0.0050757173
    0.0054953284
    0.0058692390
    0.0062071428
    0.0065203042
    0.0068216451
    0.0071255686
    0.0074474753
    0.0078027624
    0.0082050290
    0.0086630116
    0.0091754565
    0.0097229859
    0.0102559151
    0.0106780576
    0.0108304435
   -0.0022908479
   -0.0010208009
    0.0001034449
    0.0010913563
    0.0019583537
    0.0027207103
    0.0033931010
    0.0039876973
    0.0045143192
    0.0049810983
    0.0053953676
    0.0057645257
    0.0060967332
    0.0064013941
    0.0066894997
    0.0069737756
    0.0072687418
    0.0075906179
    0.0079569831
    0.0083860426
    0.0088951550
    0.0094980822
    0.0102001042
    0.0109895303
    0.0118236348
    0.0004593246
    0.0014074312
    0.0022297139
    0.0029478557
    0.0035792920
    0.0041373858
    0.0046322190
    0.0050716650
    0.0054625264
    0.0058114880
    0.0061258484
    0.0064140550
    0.0066860456
    0.0069534886
    0.0072299964
    0.0075312888
    0.0078753285
    0.0082823841
    0.0087748399
    0.0093765744
    0.0101114260
    0.0109999919
    0.0120532768
    0.0132605007
    0.0017330787
    0.0025095263
    0.0031840183
    0.0037759550
    0.0042993876
    0.0047642880
    0.0051780324
    0.0055467413
    0.0058763640
    0.0061734582
    0.0064457045
    0.0067022532
    0.0069539699
    0.0072136808
    0.0074964557
    0.0078199574
    0.0082048772
    0.0086753958
    0.0092596216
    0.0099898379
    0.0109022890
    0.0120358887
    0.0134284453
    0.0038142694
    0.0043229360
    0.0047755408
    0.0051794818
    0.0055402806
    0.0058629683
    0.0061530594
    0.0064171462
    0.0066632538
    0.0069010817
    0.0071422099
    0.0074003831
    0.0076919180
    0.0080362787
    0.0084568508
    0.0089819334
    0.0096459395
    0.0104908248
    0.0049746551
    0.0053507216
    0.0056883793
    0.0059914504
    0.0062645290
    0.0065135644
    0.0067461411
    0.0069716190
    0.0072012990
    0.0074486582
    0.0077297872
    0.0080641003
    0.0084753424
    0.0089930077
    0.0096541826
    0.0061744273
    0.0064296449
    0.0066638246
    0.0068843079
    0.0071004492
    0.0073236180
    0.0075673901
    0.0078479807
   -0.0031575053
   -0.0017849172
   -0.0006197899
    0.0003872181
    0.0012794632
    0.0020974024
   -0.0057633106
   -0.0040061581
   -0.0025439872
   -0.0013133733
   -0.0002645584
    0.0006433984
    0.0014461453
    0.0021765377
    0.0028662964
   -0.0083320660
   -0.0061561087
   -0.0043667279
   -0.0028783902
   -0.0016275791
   -0.0005656409
    0.0003463050
    0.0011409563
    0.0018473527
    0.0024926051
    0.0031030218
    0.0037047077
   -0.0118475310
   -0.0090440879
   -0.0067706709
   -0.0049024672
   -0.0033495637
   -0.0020460520
   -0.0009422746
    0.0000005528
    0.0008141234
    0.0015256552
    0.0021597575
    0.0027396636
    0.0032880509
    0.0038273966
    0.0043799227
   -0.0111157679
   -0.0084869548
   -0.0063406347
   -0.0045662932
   -0.0030841226
   -0.0018352772
   -0.0007751908
    0.0001311259
    0.0009123309
    0.0015930421
    0.0021954628
    0.0027404735
    0.0032483937
    0.0037393480
    0.0042333138
   -0.0128838116
   -0.0099485175
   -0.0075617072
   -0.0055955024
   -0.0039580000
   -0.0025820841
   -0.0014176477
   -0.0004261959
    0.0004229200
    0.0011551552
    0.0017926482
    0.0023555497
    0.0028629598
    0.0033335209
    0.0037857698
    0.0042381525
    0.0047087314
   -0.0119245148
   -0.0091975083
   -0.0069624885
   -0.0051093127
   -0.0035580034
   -0.0022495288
   -0.0011393105
   -0.0001927112
    0.0006181603
    0.0013167204
    0.0019235150
    0.0024573869
    0.0029362802
    0.0033777789
    0.0037994011
    0.0042186360
    0.0046527152
   -0.0122489371
   -0.0094833848
   -0.0072115309
   -0.0053247813
   -0.0037437678
   -0.0024096466
   -0.0012779023
   -0.0003139305
    0.0005100546
    0.0012172844
    0.0018280272
    0.0023607409
    0.0028329087
    0.0032615829
    0.0036637281
    0.0040563355
    0.0044563111
    0.0048801432
   -0.0116481787
   -0.0090081078
   -0.0068270031
   -0.0050079226
   -0.0034791365
   -0.0021868753
   -0.0010900106
   -0.0001562209
    0.0006407662
    0.0013231524
    0.0019105412
    0.0024209606
    0.0028716115
    0.0032793740
    0.0036610752
    0.0040336093
    0.0044138288
    0.0048183571
   -0.0140650760
   -0.0110083844
   -0.0084927503
   -0.0064032977
   -0.0046541672
   -0.0031809171
   -0.0019345676
   -0.0008771320
    0.0000216592
    0.0007867947
    0.0014397502
    0.0019997741
    0.0024848362
    0.0029122594
    0.0032991654
    0.0036626959
    0.0040200802
    0.0043886234
   -0.0141862246
   -0.0111319704
   -0.0086051750
   -0.0064998899
   -0.0047348390
   -0.0032478975
   -0.0019911852
   -0.0009271840
   -0.0000256857
    0.0007384807
    0.0013871471
    0.0019400526
    0.0024157696
    0.0028323023
    0.0032074986
    0.0035592662
    0.0039056867
    0.0042651865
   -0.0129739112
   -0.0101534604
   -0.0077984998
   -0.0058244570
   -0.0041638991
   -0.0027636835
   -0.0015817635
   -0.0005842730
    0.0002568511
    0.0009657418
    0.0015640086
    0.0020718024
    0.0025085192
    0.0028932939
    0.0032452819
    0.0035838524
    0.0039289420
   -0.0116871196
   -0.0091017450
   -0.0069219809
   -0.0050846688
   -0.0035360269
   -0.0022316262
   -0.0011348234
   -0.0002148906
    0.0005547408
    0.0011979002
    0.0017368119
    0.0021928662
    0.0025871292
    0.0029406465
    0.0032747192
    0.0036114396
   -0.0113841705
   -0.0088813853
   -0.0067433730
   -0.0049298089
   -0.0033991601
   -0.0021133215
   -0.0010386045
   -0.0001451632
    0.0005940425
    0.0012042759
    0.0017098305
    0.0021345646
    0.0025021629
    0.0028363330
    0.0031612558
   -0.0104854968
   -0.0081614226
   -0.0061403792
   -0.0044132411
   -0.0029558535
   -0.0017393201
   -0.0007341795
    0.0000883856
    0.0007565233
    0.0012979757
    0.0017402105
    0.0021102759
    0.0024344681
   -0.0102363338
   -0.0080506518
   -0.0060705804
   -0.0043470810
   -0.0028874742
   -0.0016778378
   -0.0006942992
    0.0000917321
    0.0007111486
    0.0011956212
    0.0015758672
    0.0018791157
   -0.0075838700
   -0.0057137189
   -0.0040339390
   -0.0026070421
   -0.0014449472
   -0.0005326386
    0.0001585487
    0.0006623341
    0.0010091215
   -0.0061877173
   -0.0044896885
   -0.0029593650
   -0.0017146531
   -0.0007865012
   -0.0001635654
   -0.0036561331
   -0.0022206856
   -0.0012429525
   -0.0028038726
    0.0039830282
    0.0028120011
    0.0044860631
    0.0060674016
    0.0060124155
    0.0045111723
    0.0022784899
    0.0004208374
    0.0081602695
    0.0079182052
    0.0069456689
    0.0053099235
    0.0031626887
    0.0007842979
   -0.0013853078
    0.0096758949
    0.0097814955
    0.0094603768
    0.0086928409
    0.0074705431
    0.0058078169
    0.0037525210
    0.0014015811
   -0.0010775821
    0.0111615031
    0.0110204491
    0.0105868667
    0.0098350085
    0.0087477733
    0.0073176738
    0.0055492581
    0.0034637725
    0.0011071739
   -0.0014374125
    0.0122643688
    0.0122769035
    0.0121022089
    0.0117084528
    0.0110720358
    0.0101748361
    0.0090032185
    0.0075482253
    0.0058065891
    0.0037829299
    0.0014937556
   -0.0010259252
   -0.0037122076
    0.0131973670
    0.0131615210
    0.0129734719
    0.0126080293
    0.0120458436
    0.0112708406
    0.0102693359
    0.0090297141
    0.0075425285
    0.0058010992
    0.0038026150
    0.0015502971
   -0.0009427497
   -0.0036471822
    0.0138893998
    0.0138903541
    0.0137708635
    0.0135090910
    0.0130881145
    0.0124934128
    0.0117118740
    0.0107314552
    0.0095410448
    0.0081304013
    0.0064903163
    0.0046130215
    0.0024930334
    0.0001289561
   -0.0024734091
   -0.0052957252
    0.0143785725
    0.0144142433
    0.0143476019
    0.0141612008
    0.0138410791
    0.0133746790
    0.0127501553
    0.0119561992
    0.0109819151
    0.0098167304
    0.0084503195
    0.0068726049
    0.0050737578
    0.0030446072
    0.0007773622
   -0.0017327328
   -0.0044844714
    0.0147266189
    0.0147445627
    0.0146617123
    0.0144670757
    0.0141501594
    0.0137004720
    0.0131075622
    0.0123610465
    0.0114506711
    0.0103662569
    0.0090975688
    0.0076342396
    0.0059656406
    0.0040808435
    0.0019688708
   -0.0003807533
   -0.0029766810
   -0.0058232156
    0.0149120274
    0.0148913767
    0.0147713953
    0.0145445558
    0.0142021168
    0.0137346365
    0.0131323500
    0.0123854138
    0.0114839377
    0.0104179738
    0.0091773995
    0.0077517373
    0.0061300024
    0.0043005376
    0.0022510121
   -0.0000313979
   -0.0025592953
   -0.0053436379
    0.0149229967
    0.0148733580
    0.0147287986
    0.0144829853
    0.0141276680
    0.0136536256
    0.0130512427
    0.0123107456
    0.0114222947
    0.0103759657
    0.0091615721
    0.0077685094
    0.0061855423
    0.0044005694
    0.0024005028
    0.0001712162
   -0.0023020972
   -0.0050340738
    0.0147802904
    0.0147349124
    0.0146024346
    0.0143772277
    0.0140511341
    0.0136147163
    0.0130580616
    0.0123710686
    0.0115436594
    0.0105656494
    0.0094267234
    0.0081161766
    0.0066226900
    0.0049341153
    0.0030371748
    0.0009173233
   -0.0014412597
   -0.0040552795
    0.0144952444
    0.0144184063
    0.0142642461
    0.0140248310
    0.0136902588
    0.0132497572
    0.0126923547
    0.0120071138
    0.0111832255
    0.0102099294
    0.0090763334
    0.0077712224
    0.0062827468
    0.0045981581
    0.0027035448
    0.0005835636
   -0.0017786358
   -0.0044011168
    0.0140749387
    0.0139512033
    0.0137657586
    0.0135048787
    0.0131549167
    0.0127024998
    0.0121347373
    0.0114392147
    0.0106039074
    0.0096170394
    0.0084667689
    0.0071409896
    0.0056269665
    0.0039110099
    0.0019781853
   -0.0001879758
   -0.0026055366
   -0.0052938618
    0.0133944008
    0.0131771723
    0.0129051684
    0.0125568222
    0.0121137096
    0.0115594199
    0.0108789342
    0.0100581922
    0.0090837277
    0.0079423259
    0.0066206018
    0.0051046854
    0.0033798058
    0.0014299276
   -0.0007625084
   -0.0032166775
   -0.0059530571
    0.0123284544
    0.0120028823
    0.0116089324
    0.0111210273
    0.0105180914
    0.0097817485
    0.0088953237
    0.0078431398
    0.0066099313
    0.0051803500
    0.0035384671
    0.0016673606
   -0.0004512408
   -0.0028371625
   -0.0055115289
    0.0112543100
    0.0108620778
    0.0104053300
    0.0098497916
    0.0091687218
    0.0083396794
    0.0073427074
    0.0061592362
    0.0047712696
    0.0031606944
    0.0013087140
   -0.0008045424
   -0.0032002431
   -0.0059005000
    0.0096097811
    0.0091016049
    0.0084923246
    0.0077464644
    0.0068354216
    0.0057344759
    0.0044209844
    0.0028732337
    0.0010695911
   -0.0010121044
   -0.0033947389
    0.0079333710
    0.0073330807
    0.0066034853
    0.0057025617
    0.0045963325
    0.0032552122
    0.0016519589
   -0.0002395687
   -0.0024450989
   -0.0049898363
    0.0059888737
    0.0052820444
    0.0043980822
    0.0032878099
    0.0019107791
    0.0002315203
   -0.0017823118
   -0.0041605037
    0.0033514829
    0.0023865166
    0.0011334509
   -0.0004594483
   -0.0024359978
    0.0012161353
    0.0001891332
   -0.0012313946
   -0.0003160940
   -0.0020822325
   -0.0031059588
   -0.0016405204
   -0.0033620141
   -0.0045110907
   -0.0048830053
   -0.0030266824
   -0.0046629394
   -0.0058243719
   -0.0064053836
   -0.0063712109
   -0.0057501180
   -0.0029200817
   -0.0047331581
   -0.0062092525
   -0.0072576661
   -0.0078248973
   -0.0078930906
   -0.0074774071
   -0.0036294008
   -0.0054508770
   -0.0069749994
   -0.0081387596
   -0.0089009962
   -0.0092413460
   -0.0091595957
   -0.0086747261
   -0.0078229744
   -0.0056625842
   -0.0072919004
   -0.0086155036
   -0.0095979891
   -0.0102171754
   -0.0104637401
   -0.0103411798
   -0.0098658658
   -0.0090665292
   -0.0059267752
   -0.0076162013
   -0.0090348576
   -0.0101534807
   -0.0109517126
   -0.0114176819
   -0.0115481543
   -0.0113488852
   -0.0108349336
   -0.0100308269
   -0.0050730239
   -0.0069306254
   -0.0085593962
   -0.0099310936
   -0.0110241385
   -0.0118229935
   -0.0123179766
   -0.0125054788
   -0.0123883962
   -0.0119765669
   -0.0112872450
   -0.0103454399
   -0.0058086638
   -0.0076292862
   -0.0092298778
   -0.0105884049
   -0.0116876144
   -0.0125144978
   -0.0130602642
   -0.0133205148
   -0.0132956570
   -0.0129913599
   -0.0124190311
   -0.0115962834
   -0.0105474356
   -0.0070786392
   -0.0087951294
   -0.0102939410
   -0.0115583969
   -0.0125751236
   -0.0133338397
   -0.0138274442
   -0.0140522313
   -0.0140082969
   -0.0136999324
   -0.0131360354
   -0.0123305859
   -0.0113031332
   -0.0060706915
   -0.0079172560
   -0.0095699671
   -0.0110120155
   -0.0122295228
   -0.0132110768
   -0.0139476302
   -0.0144326044
   -0.0146621340
   -0.0146354173
   -0.0143550073
   -0.0138272015
   -0.0130623552
   -0.0120752708
   -0.0108857222
   -0.0056189639
   -0.0075160733
   -0.0092347564
   -0.0107587772
   -0.0120745567
   -0.0131705886
   -0.0140373132
   -0.0146670517
   -0.0150542198
   -0.0151956102
   -0.0150906107
   -0.0147415175
   -0.0141537465
   -0.0133360780
   -0.0123008887
   -0.0110644759
   -0.0068252655
   -0.0086196578
   -0.0102357570
   -0.0116596192
   -0.0128792973
   -0.0138845298
   -0.0146666446
   -0.0152186100
   -0.0155352700
   -0.0156135424
   -0.0154526409
   -0.0150542730
   -0.0144227887
   -0.0135652353
   -0.0124913913
   -0.0112138448
   -0.0069106196
   -0.0086970544
   -0.0103143768
   -0.0117487880
   -0.0129883640
   -0.0140226952
   -0.0148428180
   -0.0154411809
   -0.0158118881
   -0.0159508190
   -0.0158558706
   -0.0155270519
   -0.0149666081
   -0.0141789322
   -0.0131704736
   -0.0119494545
   -0.0069946975
   -0.0087676761
   -0.0103803621
   -0.0118185900
   -0.0130700957
   -0.0141240649
   -0.0149710420
   -0.0156029458
   -0.0160131517
   -0.0161967090
   -0.0161504628
   -0.0158731885
   -0.0153655961
   -0.0146302398
   -0.0136712533
   -0.0124938920
   -0.0063130719
   -0.0081253755
   -0.0097930030
   -0.0112999789
   -0.0126325418
   -0.0137785897
   -0.0147274557
   -0.0154697862
   -0.0159976319
   -0.0163046000
   -0.0163859394
   -0.0162386968
   -0.0158617623
   -0.0152557316
   -0.0144227179
   -0.0133658223
   -0.0120883431
   -0.0059679394
   -0.0077825766
   -0.0094664723
   -0.0110016090
   -0.0123725135
   -0.0135656436
   -0.0145690056
   -0.0153720681
   -0.0159657203
   -0.0163423804
   -0.0164961284
   -0.0164228356
   -0.0161201670
   -0.0155875409
   -0.0148258625
   -0.0138370425
   -0.0126231731
   -0.0070233260
   -0.0087434609
   -0.0103323549
   -0.0117715907
   -0.0130451631
   -0.0141389853
   -0.0150406071
   -0.0157391787
   -0.0162254403
   -0.0164918448
   -0.0165326711
   -0.0163441062
   -0.0159242217
   -0.0152727889
   -0.0143908939
   -0.0132802219
   -0.0068736930
   -0.0085761477
   -0.0101602249
   -0.0116047336
   -0.0128912368
   -0.0140035604
   -0.0149274652
   -0.0156504964
   -0.0161620393
   -0.0164533651
   -0.0165177696
   -0.0163506444
   -0.0159495090
   -0.0153137913
   -0.0144445081
   -0.0133436155
   -0.0065639826
   -0.0082497899
   -0.0098341547
   -0.0112921052
   -0.0126018634
   -0.0137443341
   -0.0147027256
   -0.0154624129
   -0.0160108715
   -0.0163378000
   -0.0164351951
   -0.0162975001
   -0.0159216078
   -0.0153067891
   -0.0144543967
   -0.0133673092
   -0.0053281523
   -0.0070168043
   -0.0086415335
   -0.0101707619
   -0.0115766434
   -0.0128346669
   -0.0139232635
   -0.0148235774
   -0.0155192987
   -0.0159966725
   -0.0162446782
   -0.0162551137
   -0.0160227768
   -0.0155454947
   -0.0148240262
   -0.0138618174
   -0.0126646147
   -0.0057569162
   -0.0073787909
   -0.0089464933
   -0.0104249374
   -0.0117825927
   -0.0129914357
   -0.0140267647
   -0.0148670446
   -0.0154938656
   -0.0158920572
   -0.0160498867
   -0.0159592491
   -0.0156159125
   -0.0150195549
   -0.0141738394
   -0.0130862987
   -0.0052911871
   -0.0068559483
   -0.0083983070
   -0.0098775455
   -0.0112557713
   -0.0124985626
   -0.0135752170
   -0.0144588160
   -0.0151263062
   -0.0155587522
   -0.0157415454
   -0.0156648203
   -0.0153237766
   -0.0147189624
   -0.0138565653
   -0.0127487089
   -0.0033031738
   -0.0047270366
   -0.0062102113
   -0.0077101256
   -0.0091816409
   -0.0105800043
   -0.0118628706
   -0.0129914685
   -0.0139313040
   -0.0146526279
   -0.0151308541
   -0.0153471510
   -0.0152890035
   -0.0149507692
   -0.0143343741
   -0.0134498729
   -0.0123163519
   -0.0010417928
   -0.0021284201
   -0.0033361474
   -0.0046534124
   -0.0060527860
   -0.0074945327
   -0.0089311609
   -0.0103118429
   -0.0115860460
   -0.0127061370
   -0.0136290972
   -0.0143178714
   -0.0147423982
   -0.0148807286
   -0.0147200993
   -0.0142580215
   -0.0135034553
   -0.0124780731
   -0.0112179308
   -0.0019260847
   -0.0029897496
   -0.0041699615
   -0.0054571455
   -0.0068234151
   -0.0082249964
   -0.0096070969
   -0.0109095296
   -0.0120718082
   -0.0130371777
   -0.0137557911
   -0.0141872396
   -0.0143027926
   -0.0140876170
   -0.0135428202
   -0.0126875322
   -0.0115609273
   -0.0037467334
   -0.0049070714
   -0.0061783689
   -0.0075266064
   -0.0088975230
   -0.0102217205
   -0.0114222497
   -0.0124225045
   -0.0131532579
   -0.0135585508
   -0.0136009257
   -0.0132660714
   -0.0125669031
   -0.0115469245
   -0.0047339047
   -0.0059096566
   -0.0072040206
   -0.0085565213
   -0.0098809925
   -0.0110734541
   -0.0120256274
   -0.0126399566
   -0.0128436028
   -0.0126010196
   -0.0119241990
   -0.0108790782
   -0.0062610147
   -0.0075381430
   -0.0088889201
   -0.0101677760
   -0.0112022593
   -0.0118251267
   -0.0119145644
   -0.0114326009
   -0.0104521069
   -0.0074452921
   -0.0087999071
   -0.0100506346
   -0.0108323625
   -0.0108466319
   -0.0100419805
   -0.0084577892
   -0.0096984954
   -0.0095509420
   -0.0087390799
   -0.0052324295
   -0.0066065695
   -0.0057176236
   -0.0046439694
   -0.0074477853
   -0.0062422008
   -0.0049786699
   -0.0037308518
   -0.0025423591
   -0.0088477499
   -0.0074648992
   -0.0060639491
   -0.0047092995
   -0.0034378866
   -0.0022666411
   -0.0011989690
   -0.0091554311
   -0.0075985021
   -0.0060999605
   -0.0046986490
   -0.0034131790
   -0.0022484106
   -0.0012002816
   -0.0002591893
    0.0005875767
   -0.0090476160
   -0.0073958018
   -0.0058559613
   -0.0044472749
   -0.0031752910
   -0.0020367813
   -0.0010229000
   -0.0001212787
    0.0006825147
    0.0014036372
    0.0020566954
    0.0115068423
   -0.0095754140
   -0.0078206260
   -0.0062030835
   -0.0047350697
    0.0018566523
    0.0024320135
    0.0029587195
    0.0102933935
    0.0111430385
    0.0121366166
   -0.0100258284
   -0.0081774980
    0.0028052179
    0.0032647129
    0.0036915272
    0.0040910791
    0.0087936203
    0.0093674744
    0.0100541556
    0.0108709298
    0.0118350566
   -0.0094468771
    0.0033632216
    0.0037468994
    0.0041070958
    0.0044467523
    0.0047666174
    0.0050662367
    0.0073739241
    0.0076762762
    0.0080331242
    0.0084581859
    0.0089663462
    0.0095737521
    0.0102978804
    0.0111574528
    0.0121719783
    0.0038327341
    0.0041550104
    0.0044610671
    0.0047517310
    0.0050265605
    0.0052848291
    0.0055263203
    0.0057518940
    0.0059637793
    0.0061656587
    0.0063625913
    0.0065608166
    0.0067675864
    0.0069909992
    0.0072399680
    0.0075242785
    0.0092504316
    0.0099004721
    0.0106720197
    0.0115848030
    0.0040845932
    0.0043652200
    0.0046347230
    0.0048930595
    0.0051394635
    0.0053733460
    0.0055949113
    0.0058055129
    0.0060077669
    0.0062054610
    0.0064033790
    0.0066070696
    0.0116705295
    0.0043131433
    0.0045611848
    0.0048025541
    0.0050365772
    0.0052624986
    0.0054801666
    0.0056904081
    0.0058951246
    0.0060971952
    0.0063002384
    0.0044092249
    0.0046368285
    0.0048618453
    0.0050834950
    0.0053012136
    0.0055151461
    0.0057263322
    0.0059366231
    0.0042998437
    0.0045148009
    0.0047314547
    0.0049492639
    0.0051676056
    0.0053863470
    0.0056060352
    0.0043261865
    0.0045366526
    0.0047525903
    0.0049735439
    0.0051991671
    0.0041763976
    0.0043865177
    0.0046057160
    0.0048339210
    0.0050708613
    0.0041750678
    0.0044011554
    0.0046396599
    0.0037864071
    0.0040157087
    0.0042591298
    0.0035499441
    0.0037996077
    0.0033750075
    0.0028280909
    0.0031297836
    0.0022627982
    0.0026002824
    0.0018381657
   -0.0092139468
    0.0013494941
   -0.0099570656
   -0.0086084131
   -0.0071020062
    0.0004141610
   -0.0062735704
   -0.0092957430
   -0.0085165801
   -0.0073314226
   -0.0059469696
   -0.0045413050
   -0.0032397713
   -0.0021103639
   -0.0011707260
   -0.0004037043
    0.0002215435
   -0.0061161043
   -0.0072240331
   -0.0076632137
   -0.0073716913
   -0.0064843815
   -0.0052497850
   -0.0039207384
   -0.0026824845
   -0.0016308969
   -0.0007895829
   -0.0054545505
   -0.0060016849
   -0.0056823381
   -0.0046903981
   -0.0034165556
   -0.0022091781
   -0.0012654785
   -0.0045131497
   -0.0040890548
   -0.0028325428
   -0.0032215258
    0.0070347631
    0.0072345978
    0.0074866779
    0.0078013393
    0.0081921592
    0.0086770675
    0.0092798950
    0.0100325450
    0.0065358430
    0.0066565253
    0.0068079426
    0.0069949528
    0.0072237563
    0.0075024200
    0.0078414971
    0.0082547916
    0.0087603888
    0.0093820585
    0.0101513042
    0.0111103192
    0.0061678649
    0.0062539208
    0.0063596628
    0.0064876207
    0.0066408705
    0.0068233357
    0.0070401397
    0.0072979685
    0.0076055213
    0.0079740395
    0.0084180107
    0.0089560813
    0.0096123221
    0.0104179542
    0.0114138033
    0.0058896911
    0.0059721633
    0.0060688121
    0.0061811067
    0.0063108401
    0.0064603200
    0.0066326124
    0.0068317582
    0.0070630446
    0.0073332786
    0.0076511282
    0.0080274998
    0.0084760146
    0.0090135901
    0.0096611041
    0.0104441104
    0.0055635308
    0.0056438550
    0.0057339797
    0.0058344583
    0.0059460579
    0.0060698271
    0.0062072141
    0.0063602183
    0.0065315511
    0.0067247740
    0.0069444726
    0.0071963947
    0.0074875961
    0.0078265391
    0.0082231652
    0.0086887833
    0.0092357010
    0.0098762373
    0.0053042584
    0.0053986230
    0.0054998746
    0.0056079844
    0.0057231933
    0.0058460077
    0.0059772585
    0.0061181976
    0.0062705776
    0.0064367517
    0.0066197233
    0.0068231537
    0.0070513506
    0.0073090987
    0.0076013650
    0.0079327020
    0.0083061377
    0.0087212095
    0.0091704875
    0.0050016947
    0.0051112498
    0.0052248059
    0.0053417955
    0.0054619743
    0.0055853595
    0.0057122085
    0.0058430746
    0.0059788380
    0.0061207399
    0.0062703759
    0.0064296127
    0.0066004396
    0.0067846389
    0.0069832701
    0.0071957679
    0.0074184657
    0.0076422326
    0.0078486137
    0.0045877185
    0.0047152259
    0.0048446579
    0.0049746086
    0.0051042370
    0.0052330223
    0.0053606532
    0.0054870074
    0.0056121335
    0.0057362782
    0.0058598210
    0.0059831990
    0.0061067120
    0.0062301894
    0.0063524513
    0.0064704354
    0.0065778568
    0.0066631452
    0.0067062796
    0.0066741432
    0.0065137640
    0.0042509557
    0.0044050578
    0.0045568776
    0.0047050089
    0.0048484992
    0.0049866228
    0.0051187916
    0.0052444968
    0.0053632753
    0.0054746647
    0.0055780925
    0.0056726706
    0.0057568779
    0.0058279971
    0.0058812847
    0.0059087234
    0.0058971287
    0.0058254732
    0.0056610616
    0.0053544323
    0.0048330926
    0.0038025907
    0.0039909574
    0.0041719079
    0.0043442953
    0.0045071724
    0.0046596964
    0.0048010244
    0.0049302565
    0.0050463853
    0.0051481951
    0.0052341154
    0.0053019267
    0.0053483215
    0.0053682013
    0.0053536175
    0.0052922698
    0.0051653519
    0.0049446565
    0.0045888988
    0.0040394774
    0.0032167328
    0.0020189309
    0.0033110847
    0.0035452811
    0.0037636407
    0.0039663207
    0.0041529691
    0.0043229054
    0.0044751761
    0.0046085257
    0.0047213366
    0.0048115059
    0.0048761877
    0.0049114000
    0.0049113652
    0.0048675527
    0.0047673000
    0.0045919046
    0.0043141779
    0.0038955577
    0.0032832464
    0.0024086865
    0.0011897387
    0.0029364305
    0.0032145887
    0.0034656222
    0.0036912508
    0.0038917922
    0.0040666324
    0.0042144132
    0.0043330253
    0.0044195048
    0.0044697214
    0.0044778767
    0.0044356970
    0.0043312391
    0.0041472892
    0.0038593044
    0.0034331568
    0.0028232504
    0.0019723398
    0.0008155722
   -0.0007077017
    0.0022375185
    0.0026020318
    0.0029197764
    0.0031970940
    0.0034367395
    0.0036391672
    0.0038031472
    0.0039259952
    0.0040034835
    0.0040294708
    0.0039952123
    0.0038882486
    0.0036909220
    0.0033785344
    0.0029176017
    0.0022650816
    0.0013704383
    0.0001835353
   -0.0013281250
   -0.0031509827
    0.0016604770
    0.0021099214
    0.0024888851
    0.0028078573
    0.0030715823
    0.0032808528
    0.0034334352
    0.0035243752
    0.0035457658
    0.0034859850
    0.0033284872
    0.0030502199
    0.0026202171
    0.0019995277
    0.0011447313
    0.0000186242
   -0.0013884629
   -0.0030269469
   -0.0047568430
    0.0010036775
    0.0015623040
    0.0020180599
    0.0023858249
    0.0026722211
    0.0028774425
    0.0029963923
    0.0030188947
    0.0029291216
    0.0027044275
    0.0023143676
    0.0017216308
    0.0008882300
   -0.0002080885
   -0.0015437885
   -0.0030117630
   -0.0044010636
   -0.0003166569
    0.0004949065
    0.0011463465
    0.0016579863
    0.0020429220
    0.0023040486
    0.0024343869
    0.0024175530
    0.0022276446
    0.0018298275
    0.0011855107
    0.0002694081
   -0.0008935524
   -0.0021766207
   -0.0033251902
   -0.0040237333
   -0.0013976508
   -0.0003886061
    0.0004477907
    0.0010898218
    0.0015349808
    0.0017737590
    0.0017808904
    0.0015156710
    0.0009331993
    0.0000226221
   -0.0011098187
   -0.0021551571
   -0.0026768443
   -0.0024303851
   -0.0015914309
   -0.0005658680
    0.0003234850
    0.0009119231
    0.0011012337
    0.0007936240
   -0.0000454700
   -0.0010960452
   -0.0014801157
   -0.0007425961
    0.0002168256
    0.0000230689
   -0.0002883719
    0.0033680356
    0.0030770393
    0.0035751339
    0.0039943484
    0.0039449812
    0.0033794035
    0.0026323785
    0.0022442361
    0.0024053413
    0.0029125474
    0.0035077897
    0.0040364829
    0.0044277683
    0.0046378366
    0.0046083702
    0.0042653052
    0.0035845199
    0.0026940212
    0.0018796419
    0.0014185133
    0.0014040536
    0.0017451530
    0.0022830994
    0.0028837819
    0.0034639344
    0.0039818865
    0.0044213503
    0.0047776360
    0.0050457283
    0.0052086504
    0.0052272511
    0.0050380550
    0.0045714210
    0.0037989714
    0.0027934519
    0.0017466717
    0.0009009141
    0.0004316356
    0.0003775820
    0.0006620194
    0.0011616427
    0.0017631435
    0.0023862212
    0.0029830053
    0.0035291831
    0.0040153314
    0.0044408455
    0.0048099381
    0.0051283580
    0.0053997794
    0.0056211047
    0.0057765716
    0.0058316661
    0.0057298720
    0.0053984386
    0.0047709719
    0.0038285994
    0.0026433020
    0.0013878036
    0.0002863939
   -0.0004725528
   -0.0008044469
   -0.0007364289
   -0.0003658559
    0.0001920694
    0.0008390735
    0.0015060411
    0.0021508910
    0.0027512758
    0.0032974653
    0.0037872596
    0.0042229113
    0.0046094660
    0.0049537636
    0.0052635443
    0.0055462764
    0.0058073062
    0.0060471640
    0.0062577555
    0.0064175489
    0.0064866024
    0.0064037165
    0.0060903828
    0.0054678558
    0.0044906513
    0.0031883215
    0.0016909041
    0.0002103543
   -0.0010247541
   -0.0018475188
   -0.0021988944
   -0.0021220982
   -0.0017213670
   -0.0011154614
   -0.0004065858
    0.0003315038
    0.0010524236
    0.0017306622
    0.0023545137
    0.0029205111
    0.0034297280
    0.0038856773
    0.0042932726
    0.0046584608
    0.0049880759
    0.0052897363
    0.0055715539
    0.0058415421
    0.0061066326
    0.0063710380
    0.0066338598
    0.0068856565
    0.0071039334
    0.0072480457
    0.0072550452
    0.0070401056
    0.0065073687
    0.0055767355
    0.0042253618
    0.0025277676
    0.0006665413
   -0.0025440781
   -0.0034837523
   -0.0038790371
   -0.0037886594
   -0.0033319186
   -0.0026415675
   -0.0018322172
   -0.0009876276
   -0.0001612644
    0.0006171172
    0.0013338873
    0.0019852526
    0.0025727955
    0.0031006662
    0.0035740332
    0.0039983856
    0.0043793831
    0.0047229602
    0.0050355084
    0.0053240300
    0.0055961676
    0.0058600828
    0.0061241287
    0.0063962230
    0.0066828379
    0.0069873886
    0.0073077817
    0.0076328938
    0.0079377249
    0.0081775433
    0.0082822459
    0.0081543249
   -0.0041172387
   -0.0031326196
   -0.0021361464
   -0.0011804739
   -0.0002930413
    0.0005153948
    0.0012440165
    0.0018972740
    0.0024818846
    0.0030051032
    0.0034738551
    0.0038944761
    0.0042727912
    0.0046143988
    0.0049249863
    0.0052105991
    0.0054778536
    0.0057340458
    0.0059871612
    0.0062457650
    0.0065187393
    0.0068148013
    0.0071416671
    0.0075047036
    0.0079047871
    0.0083349997
    0.0087758063
    0.0091883990
    0.0095066981
   -0.0014414008
   -0.0004957777
    0.0003474698
    0.0010960142
    0.0017600085
    0.0023500111
    0.0028758164
    0.0033459690
    0.0037677049
    0.0041472025
    0.0044899521
    0.0048011591
    0.0050861159
    0.0053504775
    0.0056004829
    0.0058430966
    0.0060860655
    0.0063379625
    0.0066081025
    0.0069063896
    0.0072429650
    0.0076275618
    0.0080683832
    0.0085702137
    0.0091313259
    0.0097385814
    0.0103600015
   -0.0003253830
    0.0005109195
    0.0012435868
    0.0018875883
    0.0024564952
    0.0029619037
    0.0034133308
    0.0038184388
    0.0041834619
    0.0045136968
    0.0048139838
    0.0050891201
    0.0053441777
    0.0055847416
    0.0058170824
    0.0060482852
    0.0062863446
    0.0065402363
    0.0068199725
    0.0071365980
    0.0075020775
    0.0079290161
    0.0084300404
    0.0090166024
    0.0096968403
    0.0104717565
    0.0113287686
    0.0013727368
    0.0020007150
    0.0025520976
    0.0030402424
    0.0034756835
    0.0038665543
    0.0042191723
    0.0045386740
    0.0048295645
    0.0050961998
    0.0053431359
    0.0055753877
    0.0057986196
    0.0060192826
    0.0062447426
    0.0064834068
    0.0067448668
    0.0070400560
    0.0073813872
    0.0077828973
    0.0082602595
    0.0088306499
    0.0095122053
    0.0103228061
    0.0112774947
    0.0029277619
    0.0033690946
    0.0037640734
    0.0041200810
    0.0044426582
    0.0047362526
    0.0050048404
    0.0052523894
    0.0054831882
    0.0057020771
    0.0059146046
    0.0061271650
    0.0063471152
    0.0065829437
    0.0068444696
    0.0071430867
    0.0074920790
    0.0079069761
    0.0084059218
    0.0090100615
    0.0097438024
    0.0037461744
    0.0040979152
    0.0044171877
    0.0047084077
    0.0049751903
    0.0052209623
    0.0054493895
    0.0056646518
    0.0058716117
    0.0060759402
    0.0062842298
    0.0065041200
    0.0067445048
    0.0070157963
    0.0073302969
    0.0077026672
    0.0081505298
    0.0086951782
    0.0049152379
    0.0051629160
    0.0053928594
    0.0056083921
    0.0058135331
    0.0060131061
    0.0062128240
    0.0064193715
    0.0066405414
    0.0068854512
    0.0071648961
    0.0074918202
   -0.0030231114
   -0.0019267304
   -0.0009709618
   -0.0001271575
    0.0006302085
    0.0013246629
   -0.0053619293
   -0.0039766893
   -0.0027888021
   -0.0017619263
   -0.0008660407
   -0.0000757088
    0.0006313156
    0.0012752058
    0.0018748648
    0.0024484931
   -0.0076560170
   -0.0059581475
   -0.0045161662
   -0.0032823673
   -0.0022187625
   -0.0012947121
   -0.0004849416
    0.0002320246
    0.0008750530
    0.0014613121
    0.0020069070
    0.0025273048
    0.0030375514
   -0.0086114494
   -0.0067930036
   -0.0052525410
   -0.0039375965
   -0.0028070122
   -0.0018281498
   -0.0009746284
   -0.0002245887
    0.0004406371
    0.0010375362
    0.0015811557
    0.0020856315
    0.0025645353
    0.0030310487
    0.0034979591
   -0.0109192876
   -0.0087596024
   -0.0069423277
   -0.0054008763
   -0.0040835081
   -0.0029498457
   -0.0019680008
   -0.0011123504
   -0.0003618049
    0.0003014785
    0.0008930873
    0.0014270848
    0.0019165358
    0.0023738880
    0.0028111859
    0.0032401600
    0.0036721506
   -0.0110390591
   -0.0088847725
   -0.0070687681
   -0.0055257929
   -0.0042052406
   -0.0030676359
   -0.0020818385
   -0.0012228735
   -0.0004702680
    0.0001932158
    0.0007825202
    0.0013110162
    0.0017910324
    0.0022342265
    0.0026518494
    0.0030548591
    0.0034539451
    0.0038593859
   -0.0097734489
   -0.0078385508
   -0.0061962014
   -0.0047921252
   -0.0035840128
   -0.0025386070
   -0.0016294005
   -0.0008348661
   -0.0001371187
    0.0004791152
    0.0010272705
    0.0015195312
    0.0019672505
    0.0023812715
    0.0027721126
    0.0031500679
    0.0035251915
    0.0039071776
   -0.0101530472
   -0.0081756837
   -0.0064954611
   -0.0050579766
   -0.0038206567
   -0.0027499606
   -0.0018191573
   -0.0010065681
   -0.0002942339
    0.0003330981
    0.0008887659
    0.0013847741
    0.0018322452
    0.0022417345
    0.0026234535
    0.0029874041
    0.0033433992
    0.0037010256
    0.0040694863
   -0.0107710849
   -0.0087132758
   -0.0069637181
   -0.0054667385
   -0.0041785040
   -0.0030643654
   -0.0020966650
   -0.0012530202
   -0.0005149515
    0.0001331562
    0.0007048631
    0.0012122799
    0.0016665473
    0.0020781654
    0.0024572594
    0.0028137140
    0.0031572684
    0.0034975002
    0.0038437661
    0.0042050663
   -0.0102153825
   -0.0082528913
   -0.0065774751
   -0.0051392700
   -0.0038986218
   -0.0028238920
   -0.0018895923
   -0.0010748842
   -0.0003623950
    0.0002627164
    0.0008134645
    0.0013016075
    0.0017380530
    0.0021331696
    0.0024970108
    0.0028394429
    0.0031702133
    0.0034989503
    0.0038351287
   -0.0114782327
   -0.0093390881
   -0.0075128553
   -0.0059465161
   -0.0045971829
   -0.0034303141
   -0.0024179764
   -0.0015373628
   -0.0007695520
   -0.0000985010
    0.0004897278
    0.0010075806
    0.0014665006
    0.0018772647
    0.0022502549
    0.0025956216
    0.0029233933
    0.0032435251
    0.0035659127
    0.0039004532
   -0.0109492002
   -0.0088990579
   -0.0071405352
   -0.0056272578
   -0.0043209055
   -0.0031900578
   -0.0022089216
   -0.0013561351
   -0.0006137089
    0.0000338274
    0.0006001212
    0.0010975554
    0.0015376616
    0.0019314358
    0.0022895648
    0.0026225719
    0.0029409053
    0.0032550063
    0.0035754130
   -0.0117557080
   -0.0096065544
   -0.0077544361
   -0.0061568260
   -0.0047766212
   -0.0035823532
   -0.0025476246
   -0.0016502502
   -0.0008713904
   -0.0001947470
    0.0003941149
    0.0009083178
    0.0013601041
    0.0017611646
    0.0021228727
    0.0024564265
    0.0027729790
    0.0030837247
    0.0034000997
   -0.0103624235
   -0.0084193082
   -0.0067333102
   -0.0052724788
   -0.0040074041
   -0.0029121670
   -0.0019642761
   -0.0011442238
   -0.0004348871
    0.0001790590
    0.0007116615
    0.0011761016
    0.0015850162
    0.0019507308
    0.0022853969
    0.0026011271
    0.0029101234
    0.0032249765
   -0.0100084454
   -0.0081304941
   -0.0064863216
   -0.0050547202
   -0.0038126976
   -0.0027380956
   -0.0018105208
   -0.0010114648
   -0.0003240723
    0.0002672406
    0.0007771485
    0.0012197345
    0.0016087058
    0.0019575345
    0.0022795569
    0.0025880688
   -0.0095624171
   -0.0077668151
   -0.0061743401
   -0.0047784938
   -0.0035650188
   -0.0025167120
   -0.0016157699
   -0.0008447709
   -0.0001869136
    0.0003740201
    0.0008538010
    0.0012678689
    0.0016313428
    0.0019589967
    0.0022651470
   -0.0099867626
   -0.0082214887
   -0.0065997827
   -0.0051498196
   -0.0038769941
   -0.0027745476
   -0.0018296645
   -0.0010267142
   -0.0003488353
    0.0002213337
    0.0007012652
    0.0011082053
    0.0014587347
    0.0017681347
   -0.0087073017
   -0.0071275660
   -0.0056406210
   -0.0042992377
   -0.0031236700
   -0.0021152146
   -0.0012646253
   -0.0005569394
    0.0000257404
    0.0005024330
    0.0008916070
    0.0012091437
   -0.0071353683
   -0.0057208979
   -0.0043749198
   -0.0031700372
   -0.0021363415
   -0.0012782701
   -0.0005858468
   -0.0000422126
    0.0003702666
   -0.0049836886
   -0.0037050747
   -0.0025611236
   -0.0016156314
   -0.0008871150
   -0.0003737786
   -0.0044925210
   -0.0032492002
   -0.0021374382
   -0.0013364704
   -0.0027663283
    0.0032253129
    0.0024006759
    0.0047771872
    0.0046709857
    0.0035130298
    0.0018880780
    0.0006202624
    0.0063368752
    0.0060973656
    0.0053137778
    0.0040579314
    0.0024662334
    0.0007658362
   -0.0007185592
    0.0075756131
    0.0072906952
    0.0066712526
    0.0057202125
    0.0044585470
    0.0029341847
    0.0012319681
   -0.0005153394
    0.0086884491
    0.0085631039
    0.0082182725
    0.0076388692
    0.0068157318
    0.0057477406
    0.0044441072
    0.0029277954
    0.0012404694
   -0.0005508002
   -0.0023457722
    0.0096156722
    0.0094944695
    0.0092173814
    0.0087669589
    0.0081301990
    0.0072982456
    0.0062666335
    0.0050360435
    0.0036137765
    0.0020161276
    0.0002718617
   -0.0015728764
   -0.0034484668
    0.0104001859
    0.0103094002
    0.0101046114
    0.0097681654
    0.0092865308
    0.0086490880
    0.0078475983
    0.0068761940
    0.0057316074
    0.0044138353
    0.0029272289
    0.0012821921
   -0.0005022183
   -0.0023946154
    0.0110343571
    0.0109543224
    0.0107837372
    0.0105068298
    0.0101113640
    0.0095873131
    0.0089262044
    0.0081208683
    0.0071654303
    0.0060554369
    0.0047881952
    0.0033633448
    0.0017837989
    0.0000572214
   -0.0018017388
   -0.0037682710
    0.0115438273
    0.0115032987
    0.0113934461
    0.0111990850
    0.0109086736
    0.0105126716
    0.0100027515
    0.0093714650
    0.0086120930
    0.0077186116
    0.0066857526
    0.0055091129
    0.0041854223
    0.0027129867
    0.0010924189
   -0.0006722054
   -0.0025715311
   -0.0045883384
    0.0119016097
    0.0118338144
    0.0116957325
    0.0114771044
    0.0111693452
    0.0107647720
    0.0102562759
    0.0096372033
    0.0089013104
    0.0080427122
    0.0070559399
    0.0059359437
    0.0046782353
    0.0032790923
    0.0017359259
    0.0000479697
   -0.0017827117
   -0.0037495901
    0.0121544066
    0.0120869866
    0.0119533595
    0.0117457543
    0.0114571366
    0.0110807990
    0.0106103083
    0.0100394403
    0.0093621858
    0.0085727510
    0.0076655209
    0.0066351041
    0.0054763140
    0.0041842516
    0.0027544703
    0.0011832524
   -0.0005318501
   -0.0023911770
   -0.0043915911
    0.0122933826
    0.0122166046
    0.0120760866
    0.0118658966
    0.0115800566
    0.0112125511
    0.0107573792
    0.0102086207
    0.0095604649
    0.0088072121
    0.0079432555
    0.0069630939
    0.0058612716
    0.0046324087
    0.0032712540
    0.0017728381
    0.0001327121
   -0.0016524845
   -0.0035842523
    0.0123416200
    0.0122689717
    0.0121366821
    0.0119399292
    0.0116733713
    0.0113313200
    0.0109079515
    0.0103974316
    0.0097939944
    0.0090919218
    0.0082855794
    0.0073693562
    0.0063376391
    0.0051847958
    0.0039051399
    0.0024929962
    0.0009428136
   -0.0007505803
   -0.0025914680
   -0.0045824516
    0.0122743766
    0.0121820112
    0.0120331517
    0.0118231348
    0.0115465650
    0.0111976421
    0.0107704395
    0.0102590063
    0.0096574670
    0.0089600065
    0.0081608745
    0.0072543214
    0.0062345750
    0.0050957707
    0.0038319292
    0.0024369540
    0.0009047242
   -0.0007707664
   -0.0025949930
   -0.0045722732
    0.0121089161
    0.0119938762
    0.0118268552
    0.0116024098
    0.0113144851
    0.0109567575
    0.0105228531
    0.0100064925
    0.0094014889
    0.0087017806
    0.0079013684
    0.0069942753
    0.0059744782
    0.0048358354
    0.0035720565
    0.0021766778
    0.0006430939
   -0.0010352743
   -0.0028646965
   -0.0048505222
    0.0118909359
    0.0117631923
    0.0115923803
    0.0113713009
    0.0110925488
    0.0107487226
    0.0103325949
    0.0098371782
    0.0092557063
    0.0085816071
    0.0078084665
    0.0069299385
    0.0059396575
    0.0048311786
    0.0035979011
    0.0022330184
    0.0007295350
   -0.0009196440
   -0.0027214690
   -0.0046822598
    0.0114051593
    0.0112089436
    0.0109701199
    0.0106785751
    0.0103250270
    0.0099008384
    0.0093979397
    0.0088087101
    0.0081258861
    0.0073424326
    0.0064514729
    0.0054461327
    0.0043194931
    0.0030644810
    0.0016738281
    0.0001400691
   -0.0015443411
   -0.0033867436
   -0.0053937818
    0.0107509289
    0.0104913395
    0.0101867264
    0.0098245908
    0.0093940379
    0.0088853241
    0.0082895283
    0.0075983271
    0.0068038207
    0.0058983375
    0.0048743505
    0.0037242884
    0.0024404833
    0.0010151180
   -0.0005597781
   -0.0022921851
   -0.0041897092
    0.0100513080
    0.0097445651
    0.0093939375
    0.0089836777
    0.0085006629
    0.0079334730
    0.0072719019
    0.0065065403
    0.0056285077
    0.0046292630
    0.0035003826
    0.0022334738
    0.0008200709
   -0.0007483435
   -0.0024801971
   -0.0043834702
    0.0091618363
    0.0088004646
    0.0083909999
    0.0079147163
    0.0073563567
    0.0067028734
    0.0059426790
    0.0050651728
    0.0040603677
    0.0029186544
    0.0016306127
    0.0001869188
   -0.0014215891
   -0.0032037559
   -0.0051675272
    0.0082130440
    0.0078042396
    0.0073450189
    0.0068123168
    0.0061877447
    0.0054558860
    0.0046032181
    0.0036174881
    0.0024872630
    0.0012016579
   -0.0002497841
   -0.0018770802
   -0.0036894768
    0.0069861286
    0.0065149547
    0.0059774963
    0.0053479755
    0.0046057687
    0.0037334891
    0.0027159130
    0.0015392561
    0.0001908177
   -0.0013411409
   -0.0030672226
    0.0051317773
    0.0045148839
    0.0037823580
    0.0029105001
    0.0018793659
    0.0006716615
   -0.0007278558
   -0.0023324788
   -0.0041530896
    0.0039919194
    0.0033626321
    0.0026034317
    0.0016834430
    0.0005773414
   -0.0007360060
   -0.0022740486
    0.0022638883
    0.0015330145
    0.0006163932
   -0.0005194778
   -0.0019014946
