   -0.0016267191
   -0.0017445242
   -0.0016952419
   -0.0014701238
   -0.0014593881
   -0.0017533653
   -0.0019248168
   -0.0020238931
   -0.0020442586
   -0.0019814102
   -0.0018459987
   -0.0016269800
   -0.0013538696
   -0.0016409933
   -0.0017801264
   -0.0018958528
   -0.0020221723
   -0.0021243098
   -0.0021570661
   -0.0021059113
   -0.0019954986
   -0.0018705188
   -0.0017515186
   -0.0015894822
   -0.0014950998
   -0.0015783448
   -0.0015568499
   -0.0015734442
   -0.0016914374
   -0.0018795290
   -0.0020556786
   -0.0021457850
   -0.0021160980
   -0.0019800200
   -0.0017936761
   -0.0016364849
   -0.0015669831
   -0.0015727831
   -0.0015575905
   -0.0013798644
   -0.0014337492
   -0.0015007724
   -0.0013383813
   -0.0015959294
   -0.0018910930
   -0.0020555372
   -0.0020456496
   -0.0018663540
   -0.0015697807
   -0.0013613832
   -0.0015037458
   -0.0014310535
   -0.0015322695
   -0.0014560295
   -0.0015035722
   -0.0018471804
   -0.0019608492
   -0.0018269568
   -0.0014714496
   -0.0014666345
   -0.0015466148
   -0.0015384696
   -0.0016323433
   -0.0014073016
   -0.0015909169
   -0.0018262205
   -0.0017386009
   -0.0015649657
   -0.0016586598
   -0.0014754645
   -0.0014079190
   -0.0017058306
   -0.0017597429
   -0.0015230055
   -0.0016308394
   -0.0016856253
   -0.0013837951
   -0.0017323127
   -0.0018008017
   -0.0016436457
   -0.0014457636
   -0.0017522148
   -0.0019074739
   -0.0018608984
   -0.0015493526
   -0.0015482941
   -0.0015522406
   -0.0015290269
   -0.0018679039
   -0.0019573910
   -0.0018680207
   -0.0016595806
   -0.0013802263
   -0.0015702796
   -0.0018183661
   -0.0019909750
   -0.0020500797
   -0.0019417652
   -0.0015937299
   -0.0015328904
   -0.0013475345
   -0.0014432184
   -0.0018789853
   -0.0020630187
   -0.0020757148
   -0.0019815564
   -0.0018271738
   -0.0016465549
   -0.0014676135
   -0.0014773084
   -0.0016539912
   -0.0018320211
   -0.0019897316
   -0.0021038682
   -0.0021425495
   -0.0020572636
   -0.0017783507
   -0.0013576864
   -0.0014964562
   -0.0015199483
   -0.0019399892
   -0.0021249986
   -0.0021568336
   -0.0020976459
   -0.0019895393
   -0.0018603931
   -0.0017307248
   -0.0016183081
   -0.0015391193
   -0.0015052746
   -0.0015220262
   -0.0015862051
   -0.0016873076
   -0.0018105201
   -0.0019395156
   -0.0020567381
   -0.0021400241
   -0.0021562548
   -0.0020545377
   -0.0017631718
   -0.0014207248
   -0.0015031668
   -0.0016205257
   -0.0019850621
   -0.0021302878
   -0.0021335001
   -0.0020517427
   -0.0019229153
   -0.0017723217
   -0.0016197886
   -0.0014841277
   -0.0013836578
   -0.0013334336
   -0.0013414636
   -0.0014064014
   -0.0015180992
   -0.0016604134
   -0.0018139857
   -0.0019566530
   -0.0020603300
   -0.0020853142
   -0.0019750603
   -0.0016562510
   -0.0013361726
   -0.0015973874
   -0.0013913603
   -0.0016133647
   -0.0019458231
   -0.0020511402
   -0.0020012457
   -0.0018512027
   -0.0016397591
   -0.0013962060
   -0.0014565328
   -0.0016925547
   -0.0018741043
   -0.0019545099
   -0.0018751487
   -0.0015689188
   -0.0014031300
   -0.0016902740
   -0.0015709068
   -0.0013812511
   -0.0017814312
   -0.0019127205
   -0.0018375752
   -0.0016128074
   -0.0015263079
   -0.0017444745
   -0.0017872703
   -0.0016008863
   -0.0015061352
   -0.0017967813
   -0.0017549311
   -0.0013819234
   -0.0016730655
   -0.0017572392
   -0.0015973709
   -0.0015417549
   -0.0016448767
   -0.0014991433
   -0.0015101378
   -0.0018500682
   -0.0019446243
   -0.0017793154
   -0.0015666459
   -0.0016043308
   -0.0013630615
   -0.0013967921
   -0.0015371738
   -0.0014375895
   -0.0017003000
   -0.0019648868
   -0.0020617079
   -0.0019691898
   -0.0017037882
   -0.0014382630
   -0.0015272853
   -0.0013428585
   -0.0014818772
   -0.0015092452
   -0.0014376338
   -0.0013921811
   -0.0014554827
   -0.0016315462
   -0.0018573583
   -0.0020486130
   -0.0021403594
   -0.0021033397
   -0.0019464641
   -0.0017185084
   -0.0015022974
   -0.0013831215
   -0.0013944405
   -0.0014807730
   -0.0015147876
   -0.0013541194
   -0.0015437583
   -0.0016605498
   -0.0017513625
   -0.0018720441
   -0.0020117312
   -0.0021229105
   -0.0021618514
   -0.0021122705
   -0.0019923602
   -0.0018495809
   -0.0017339495
   -0.0016503491
   -0.0015251723
   -0.0013683284
   -0.0016509354
   -0.0018329398
   -0.0019672595
   -0.0020520703
   -0.0020682473
   -0.0020106830
   -0.0018953644
   -0.0017373281
   -0.0015042904
   -0.0015462069
   -0.0017366234
   -0.0018075093
   -0.0017652909
   -0.0016035398
    0.0013482813
    0.0016722910
    0.0016177047
    0.0010423181
    0.0005778435
    0.0005579191
    0.0009589212
    0.0015579169
    0.0020654015
    0.0022587095
    0.0020651780
    0.0015611091
    0.0009156079
    0.0003134644
   -0.0001085214
   -0.0002816150
   -0.0001913694
    0.0001393598
    0.0006546377
    0.0012650581
    0.0018574577
    0.0023192960
    0.0025652968
    0.0025528742
    0.0022854618
    0.0018079218
    0.0011966682
    0.0005443436
   -0.0000606977
   -0.0005529499
   -0.0008940826
   -0.0010654946
   -0.0010622535
   -0.0008888079
   -0.0005579627
   -0.0000927941
    0.0004710542
    0.0010817213
    0.0016741536
    0.0021817407
    0.0025482159
    0.0027346970
    0.0027223589
    0.0025126007
    0.0021259121
    0.0015998342
    0.0009858004
    0.0003437088
   -0.0002675945
   -0.0008030820
   -0.0012390070
   -0.0013396494
   -0.0009494708
   -0.0004691621
    0.0000841985
    0.0006784065
    0.0012683748
    0.0018058103
    0.0022475545
    0.0025599490
    0.0027204348
    0.0027178577
    0.0025522983
    0.0022346589
    0.0017861321
    0.0012375603
    0.0006285683
    0.0000055198
   -0.0005839305
   -0.0011020188
   -0.0011782949
   -0.0007026566
   -0.0001626741
    0.0004113443
    0.0009788928
    0.0014999283
    0.0019402978
    0.0022734484
    0.0024806144
    0.0025506376
    0.0024797516
    0.0022714231
    0.0019361242
    0.0014911847
    0.0009608047
    0.0003763828
   -0.0002230534
   -0.0007918755
   -0.0012843417
   -0.0009607582
   -0.0004493976
    0.0000966625
    0.0006350412
    0.0011292853
    0.0015505754
    0.0018771444
    0.0020934632
    0.0021897158
    0.0021615733
    0.0020100909
    0.0017416092
    0.0013676562
    0.0009049838
    0.0003760223
   -0.0001897991
   -0.0007535428
   -0.0012640237
   -0.0008765286
   -0.0003672851
    0.0001402281
    0.0006095377
    0.0010140458
    0.0013343162
    0.0015563907
    0.0016710549
    0.0016735900
    0.0015637346
    0.0013456570
    0.0010278898
    0.0006232838
    0.0001492290
   -0.0003712204
   -0.0009063028
   -0.0010103031
   -0.0005367687
   -0.0000877004
    0.0003086403
    0.0006325943
    0.0008700198
    0.0010110912
    0.0010499988
    0.0009849825
    0.0008184041
    0.0005567258
    0.0002103881
   -0.0002062290
   -0.0006742405
   -0.0011678948
   -0.0009508104
   -0.0005575442
   -0.0002201624
    0.0000448630
    0.0002255839
    0.0003138929
    0.0003056063
    0.0002006993
    0.0000034194
   -0.0002777794
   -0.0006304922
   -0.0010384345
   -0.0012004476
   -0.0009009033
   -0.0006686258
   -0.0005158336
   -0.0004509059
   -0.0004779255
   -0.0005962249
   -0.0008001934
   -0.0010794517
   -0.0012650122
   -0.0011911201
   -0.0012064813
   -0.0013114917
   -0.0012759841
   -0.0008953176
   -0.0005574417
   -0.0005096043
   -0.0007708591
   -0.0012858111
   -0.0011157539
   -0.0005005030
   -0.0000119607
    0.0002572853
    0.0002643192
    0.0000073529
   -0.0004787325
   -0.0011262612
   -0.0008121946
   -0.0001293501
    0.0004461264
    0.0008432052
    0.0010202200
    0.0009602300
    0.0006689823
    0.0001739979
   -0.0004757800
   -0.0012099981
   -0.0007947697
   -0.0000500914
    0.0006216816
    0.0011569076
    0.0015123351
    0.0016619231
    0.0015953227
    0.0013171972
    0.0008471373
    0.0002202377
   -0.0005114276
   -0.0012755181
   -0.0013237333
   -0.0005452476
    0.0002276968
    0.0009267603
    0.0015008001
    0.0019126859
    0.0021378621
    0.0021635187
    0.0019880903
    0.0016212122
    0.0010841597
    0.0004110487
   -0.0003485765
   -0.0011239160
   -0.0010025964
   -0.0001957548
    0.0005810209
    0.0012744570
    0.0018426077
    0.0022541668
    0.0024878988
    0.0025321129
    0.0023843458
    0.0020513429
    0.0015494807
    0.0009058502
    0.0001605315
   -0.0006284087
   -0.0006690989
    0.0001420853
    0.0009047343
    0.0015734624
    0.0021120841
    0.0024936105
    0.0026998772
    0.0027211957
    0.0025560997
    0.0022114164
    0.0017027495
    0.0010556317
    0.0003078557
   -0.0004853605
   -0.0012388170
   -0.0012206430
   -0.0004066828
    0.0003934351
    0.0011302938
    0.0017624143
    0.0022570645
    0.0025902507
    0.0027464280
    0.0027181555
    0.0025059963
    0.0021186721
    0.0015737191
    0.0008988414
    0.0001347428
   -0.0006585831
   -0.0010729010
   -0.0002663473
    0.0005131663
    0.0012168196
    0.0018044380
    0.0022450005
    0.0025165347
    0.0026057745
    0.0025079255
    0.0022266390
    0.0017743933
    0.0011733842
    0.0004573657
   -0.0003245251
   -0.0010988450
   -0.0010715689
   -0.0002841654
    0.0004690697
    0.0011360636
    0.0016753000
    0.0020557493
    0.0022565464
    0.0022666249
    0.0020845688
    0.0017187661
    0.0011880477
    0.0005229968
   -0.0002314404
   -0.0010102846
   -0.0012532701
   -0.0004987275
    0.0002264648
    0.0008603989
    0.0013559741
    0.0016794760
    0.0018097899
    0.0017379746
    0.0014671940
    0.0010130727
    0.0004046747
   -0.0003137454
   -0.0010792305
   -0.0009586765
   -0.0002631102
    0.0003539491
    0.0008296695
    0.0011213162
    0.0012039248
    0.0010694157
    0.0007264908
    0.0002011142
   -0.0004625085
   -0.0012004328
   -0.0010628775
   -0.0004465892
    0.0000624916
    0.0003911005
    0.0004969576
    0.0003649374
    0.0000060161
   -0.0005428163
   -0.0012188248
   -0.0010743011
   -0.0006055589
   -0.0003224033
   -0.0002904665
   -0.0005247804
   -0.0009938219
   -0.0012758533
   -0.0010554458
   -0.0011245375
   -0.0012792431
   -0.0011836768
   -0.0011689176
   -0.0012341220
   -0.0011482547
   -0.0008644537
   -0.0006433988
   -0.0004957150
   -0.0004282186
   -0.0004435043
   -0.0005399624
   -0.0007122327
   -0.0009517937
   -0.0012471482
   -0.0011058075
   -0.0007101370
   -0.0003585418
   -0.0000666121
    0.0001535495
    0.0002930162
    0.0003462961
    0.0003115570
    0.0001906019
   -0.0000113673
   -0.0002859548
   -0.0006213163
   -0.0010006360
   -0.0009865133
   -0.0005249383
   -0.0000899101
    0.0002958417
    0.0006157629
    0.0008572573
    0.0010111399
    0.0010716881
    0.0010367796
    0.0009079414
    0.0006902734
    0.0003924431
    0.0000270426
   -0.0003881931
   -0.0008278606
   -0.0012551203
   -0.0012009963
   -0.0007237879
   -0.0002213355
    0.0002660345
    0.0007094459
    0.0010876604
    0.0013846594
    0.0015885959
    0.0016915624
    0.0016896663
    0.0015831287
    0.0013763320
    0.0010778850
    0.0007009212
    0.0002638299
   -0.0002085029
   -0.0006835844
   -0.0011226154
   -0.0012884276
   -0.0008432281
   -0.0003315138
    0.0002042992
    0.0007249019
    0.0011982548
    0.0015992951
    0.0019088350
    0.0021128875
    0.0022024920
    0.0021738219
    0.0020283181
    0.0017728252
    0.0014197957
    0.0009876236
    0.0005010743
   -0.0000088430
   -0.0005071820
   -0.0009618395
   -0.0009236580
   -0.0004291056
    0.0001183022
    0.0006820572
    0.0012223514
    0.0017032897
    0.0020953881
    0.0023760514
    0.0025296872
    0.0025479218
    0.0024298971
    0.0021825521
    0.0018208862
    0.0013680573
    0.0008550925
    0.0003190620
   -0.0002017070
   -0.0006755592
   -0.0010840325
   -0.0010426742
   -0.0006028963
   -0.0000861765
    0.0004846340
    0.0010702701
    0.0016239168
    0.0021004989
    0.0024621719
    0.0026809201
    0.0027399791
    0.0026348295
    0.0023739563
    0.0019792173
    0.0014854016
    0.0009379753
    0.0003875783
   -0.0001186699
   -0.0005445108
   -0.0008647469
   -0.0010615303
   -0.0011238131
   -0.0010464959
   -0.0008290882
   -0.0004783440
   -0.0000099483
    0.0005481991
    0.0011498393
    0.0017325119
    0.0022291823
    0.0025807347
    0.0027446492
    0.0027004767
    0.0024533063
    0.0020353287
    0.0015041002
    0.0009351562
    0.0004080182
   -0.0000089548
   -0.0002664781
   -0.0003348813
   -0.0002014176
    0.0001293842
    0.0006275515
    0.0012281951
    0.0018300797
    0.0023132835
    0.0025711431
    0.0025411396
    0.0022271850
    0.0017091415
    0.0011304749
    0.0006581674
    0.0004323402
    0.0005328190
    0.0009557639
    0.0015733813
    0.0021158197
    0.0022702381
    0.0019079152
    0.0013108117
    0.0011322353
    0.0017423866
    0.0016365631
   -0.0012614603
   -0.0013220785
   -0.0012748103
   -0.0007624246
   -0.0004922500
   -0.0005097970
   -0.0007979929
   -0.0012703997
   -0.0013039397
   -0.0006310916
   -0.0000955326
    0.0002328016
    0.0003152940
    0.0001458076
   -0.0002485491
   -0.0008045893
   -0.0012602617
   -0.0005243835
    0.0001329399
    0.0006422732
    0.0009562320
    0.0010485046
    0.0009130583
    0.0005638386
    0.0000353419
   -0.0006151728
   -0.0013011680
   -0.0006092930
    0.0001302487
    0.0007737270
    0.0012682629
    0.0015784703
    0.0016843584
    0.0015801997
    0.0012740309
    0.0007877292
    0.0001576716
   -0.0005636823
   -0.0013039426
   -0.0010705286
   -0.0002937771
    0.0004612261
    0.0011260592
    0.0016532982
    0.0020108284
    0.0021791758
    0.0021501668
    0.0019262661
    0.0015204591
    0.0009564733
    0.0002693202
   -0.0004939284
   -0.0012726926
   -0.0012357469
   -0.0004736459
    0.0003121530
    0.0010411582
    0.0016598665
    0.0021315490
    0.0024319003
    0.0025469730
    0.0024721397
    0.0022116678
    0.0017786928
    0.0011954669
    0.0004937651
   -0.0002848111
   -0.0010888001
   -0.0012083595
   -0.0004507932
    0.0003418241
    0.0010861161
    0.0017279275
    0.0022302605
    0.0025682516
    0.0027268739
    0.0026997869
    0.0024888497
    0.0021040229
    0.0015635806
    0.0008944502
    0.0001324899
   -0.0006776608
   -0.0010484739
   -0.0002736029
    0.0005147495
    0.0012415848
    0.0018573639
    0.0023280876
    0.0026311141
    0.0027532069
    0.0026896007
    0.0024436137
    0.0020266562
    0.0014584872
    0.0007676006
   -0.0000085809
   -0.0008240102
   -0.0007693924
    0.0000197423
    0.0007806090
    0.0014517121
    0.0019908795
    0.0023692358
    0.0025685359
    0.0025798960
    0.0024032104
    0.0020470721
    0.0015289651
    0.0008756839
    0.0001237065
   -0.0006807422
   -0.0011731198
   -0.0003999807
    0.0003666479
    0.0010556636
    0.0016177035
    0.0020185011
    0.0022359869
    0.0022589369
    0.0020864028
    0.0017276254
    0.0012023284
    0.0005412659
   -0.0002131321
   -0.0010059729
   -0.0007933687
   -0.0000358310
    0.0006483875
    0.0012026923
    0.0015872994
    0.0017768832
    0.0017595136
    0.0015362815
    0.0011214906
    0.0005432942
   -0.0001551734
   -0.0009137027
   -0.0012506326
   -0.0005095302
    0.0001621552
    0.0006971659
    0.0010475656
    0.0011838849
    0.0010948709
    0.0007877710
    0.0002892889
   -0.0003524038
   -0.0010631552
   -0.0011817309
   -0.0005089033
    0.0000307102
    0.0003714893
    0.0004737606
    0.0003259170
   -0.0000533690
   -0.0006114160
   -0.0012529499
   -0.0009206305
   -0.0004816567
   -0.0002972554
   -0.0003983872
   -0.0007597040
   -0.0012866800
   -0.0013346017
   -0.0010774833
   -0.0011570665
   -0.0010191301
   -0.0011106977
   -0.0010754397
   -0.0010881204
   -0.0012382616
   -0.0013258922
   -0.0013484775
   -0.0013028374
   -0.0011940333
   -0.0010199528
   -0.0009647946
   -0.0011282191
   -0.0012485244
   -0.0013524143
   -0.0014326125
   -0.0014687206
   -0.0014492572
   -0.0013808256
   -0.0012818112
   -0.0011642421
   -0.0010143409
   -0.0009465878
   -0.0010454226
   -0.0011090036
   -0.0011861120
   -0.0012890994
   -0.0013975136
   -0.0014774421
   -0.0015021656
   -0.0014641645
   -0.0013773412
   -0.0012707427
   -0.0011740794
   -0.0010986701
   -0.0010241895
   -0.0009012734
   -0.0009172428
   -0.0009429358
   -0.0009159728
   -0.0010666437
   -0.0012187284
   -0.0013622761
   -0.0014546881
   -0.0014705660
   -0.0014068673
   -0.0012827699
   -0.0011353179
   -0.0010086477
   -0.0009242209
   -0.0009422964
   -0.0009348721
   -0.0008394763
   -0.0008624398
   -0.0009137059
   -0.0008389731
   -0.0011698463
   -0.0013330191
   -0.0014043066
   -0.0013698458
   -0.0012383927
   -0.0010404328
   -0.0009020433
   -0.0008985890
   -0.0009250453
   -0.0009368178
   -0.0010823820
   -0.0012612469
   -0.0013127740
   -0.0012301581
   -0.0010281159
   -0.0008526110
   -0.0009533440
   -0.0009158938
   -0.0010260702
   -0.0009859943
   -0.0010722589
   -0.0012039231
   -0.0011715335
   -0.0009802939
   -0.0008915634
   -0.0010299514
   -0.0010255538
   -0.0010237000
   -0.0011314768
   -0.0011010150
   -0.0009182613
   -0.0010347942
   -0.0011101329
   -0.0009920918
   -0.0009781814
   -0.0011337781
   -0.0011516261
   -0.0010504913
   -0.0010165396
   -0.0011833863
   -0.0012543462
   -0.0012058948
   -0.0010158570
   -0.0009051518
   -0.0010235529
   -0.0009229600
   -0.0009980793
   -0.0012067137
   -0.0012814062
   -0.0012462658
   -0.0011275192
   -0.0011795507
   -0.0013088718
   -0.0013661289
   -0.0013273007
   -0.0011661051
   -0.0009557517
   -0.0008689225
   -0.0011017136
   -0.0013067386
   -0.0013888720
   -0.0013762631
   -0.0012957113
   -0.0011709044
   -0.0010227237
   -0.0010882628
   -0.0012339825
   -0.0013552682
   -0.0014347733
   -0.0014522055
   -0.0013830991
   -0.0011993823
   -0.0008867781
   -0.0008929302
   -0.0011897091
   -0.0013837723
   -0.0014654774
   -0.0014641564
   -0.0014057327
   -0.0013117060
   -0.0011998493
   -0.0010854227
   -0.0009820006
   -0.0009014567
   -0.0008531499
   -0.0008427643
   -0.0008714018
   -0.0009354441
   -0.0010272748
   -0.0011365536
   -0.0012514520
   -0.0013592411
   -0.0014459341
   -0.0014950857
   -0.0014862808
   -0.0013942834
   -0.0011900246
   -0.0008804413
   -0.0008911955
   -0.0011673257
   -0.0013827031
   -0.0014836468
   -0.0014998823
   -0.0014575433
   -0.0013778978
   -0.0012779777
   -0.0011719138
   -0.0010720606
   -0.0009893745
   -0.0009329889
   -0.0009092579
   -0.0009208285
   -0.0009662033
   -0.0010400312
   -0.0011339569
   -0.0012375860
   -0.0013390314
   -0.0014247050
   -0.0014783599
   -0.0014798224
   -0.0014042615
   -0.0012231373
   -0.0009146601
   -0.0009189788
   -0.0012132137
   -0.0013947659
   -0.0014669087
   -0.0014580543
   -0.0013929484
   -0.0012918151
   -0.0011712519
   -0.0010456463
   -0.0009282224
   -0.0010021851
   -0.0011244249
   -0.0012438433
   -0.0013442788
   -0.0014068636
   -0.0014091477
   -0.0013250973
   -0.0011271939
   -0.0009390284
   -0.0010015153
   -0.0012264426
   -0.0013616110
   -0.0013888008
   -0.0013343691
   -0.0012219098
   -0.0010717101
   -0.0010723391
   -0.0012070999
   -0.0012910488
   -0.0012995077
   -0.0012068512
   -0.0009903011
   -0.0010468235
   -0.0010788367
   -0.0011462710
   -0.0012650388
   -0.0012652631
   -0.0011706089
   -0.0009990889
   -0.0011329887
   -0.0011785187
   -0.0011132687
   -0.0009223598
   -0.0009928649
   -0.0011657012
   -0.0011683773
   -0.0009994686
   -0.0009091376
   -0.0011005312
   -0.0011547626
   -0.0010843419
   -0.0010094430
   -0.0010540150
   -0.0009756511
   -0.0010836143
   -0.0012535295
   -0.0012859552
   -0.0011755303
   -0.0008939216
   -0.0010253313
   -0.0010199405
   -0.0009179364
   -0.0009560759
   -0.0008780149
   -0.0010107772
   -0.0012268995
   -0.0013585432
   -0.0013816027
   -0.0012909442
   -0.0011005888
   -0.0009331290
   -0.0009380441
   -0.0009107686
   -0.0008955391
   -0.0011458230
   -0.0013124288
   -0.0014265865
   -0.0014612725
   -0.0014076910
   -0.0012762994
   -0.0010966995
   -0.0009014805
   -0.0009028410
   -0.0009253169
   -0.0009743234
   -0.0010055443
   -0.0010608342
   -0.0011561357
   -0.0012787110
   -0.0013974830
   -0.0014788434
   -0.0014993517
   -0.0014523247
   -0.0013497855
   -0.0012203790
   -0.0011009709
   -0.0010207848
   -0.0009837786
   -0.0009605147
   -0.0008962975
   -0.0009526383
   -0.0010756575
   -0.0011793200
   -0.0012839697
   -0.0013837042
   -0.0014573234
   -0.0014840866
   -0.0014554341
   -0.0013795325
   -0.0012780974
   -0.0011744286
   -0.0010752313
   -0.0009568381
   -0.0009961425
   -0.0011560790
   -0.0012762240
   -0.0013573032
   -0.0013883999
   -0.0013630474
   -0.0012868312
   -0.0011717170
   -0.0010185124
   -0.0010756110
   -0.0011701074
   -0.0011829143
   -0.0011132255
    0.0007504882
    0.0009435880
    0.0009140071
    0.0005772451
    0.0003027062
    0.0002915648
    0.0005312970
    0.0008864703
    0.0011882285
    0.0013066748
    0.0011980370
    0.0009067427
    0.0005307598
    0.0001747826
   -0.0000819741
   -0.0001926221
   -0.0001416121
    0.0000556364
    0.0003605314
    0.0007202702
    0.0010723658
    0.0013531191
    0.0015113092
    0.0015191771
    0.0013765116
    0.0011085547
    0.0007592202
    0.0003805762
    0.0000207267
   -0.0002843970
   -0.0005099883
   -0.0006369643
   -0.0006529981
   -0.0005582895
   -0.0003659987
   -0.0000959833
    0.0002299308
    0.0005860408
    0.0009400711
    0.0012557334
    0.0014988816
    0.0016431580
    0.0016733122
    0.0015864358
    0.0013917245
    0.0011091411
    0.0007670011
    0.0003981086
    0.0000342094
   -0.0003001278
   -0.0005904867
   -0.0008285201
   -0.0008765192
   -0.0006580822
   -0.0003908180
   -0.0000835748
    0.0002531753
    0.0006023814
    0.0009408559
    0.0012432426
    0.0014861810
    0.0016511099
    0.0017257356
    0.0017046233
    0.0015892574
    0.0013878089
    0.0011146241
    0.0007893832
    0.0004356663
    0.0000784286
   -0.0002601259
   -0.0005656731
   -0.0008348995
   -0.0006870170
   -0.0004101821
   -0.0001035548
    0.0002252024
    0.0005603864
    0.0008820893
    0.0011701331
    0.0014066763
    0.0015775736
    0.0016729534
    0.0016874247
    0.0016200841
    0.0014744580
    0.0012583597
    0.0009837102
    0.0006662753
    0.0003251672
   -0.0000182769
   -0.0003429357
   -0.0006324121
   -0.0008352870
   -0.0005915369
   -0.0003132125
   -0.0000069221
    0.0003121324
    0.0006253926
    0.0009146342
    0.0011639019
    0.0013602815
    0.0014941382
    0.0015591402
    0.0015522197
    0.0014735352
    0.0013264217
    0.0011173459
    0.0008558872
    0.0005547555
    0.0002298512
   -0.0000998356
   -0.0004129585
   -0.0006881997
   -0.0007579856
   -0.0005136038
   -0.0002319302
    0.0000683563
    0.0003676221
    0.0006481463
    0.0008951092
    0.0010967087
    0.0012440196
    0.0013308346
    0.0013535581
    0.0013111455
    0.0012050619
    0.0010392731
    0.0008202388
    0.0005570027
    0.0002613874
   -0.0000516185
   -0.0003633079
   -0.0006508687
   -0.0007852400
   -0.0005387487
   -0.0002620419
    0.0000220313
    0.0002945389
    0.0005404475
    0.0007480656
    0.0009085239
    0.0010154111
    0.0010645911
    0.0010541052
    0.0009841390
    0.0008570088
    0.0006771599
    0.0004512219
    0.0001881516
   -0.0001003804
   -0.0003992308
   -0.0006884883
   -0.0007259777
   -0.0004647112
   -0.0001997094
    0.0000508667
    0.0002734700
    0.0004579225
    0.0005966460
    0.0006842708
    0.0007174515
    0.0006948029
    0.0006168900
    0.0004862234
    0.0003072689
    0.0000865048
   -0.0001673894
   -0.0004430435
   -0.0007253063
   -0.0008624235
   -0.0006144320
   -0.0003738541
   -0.0001555567
    0.0000296429
    0.0001737306
    0.0002708967
    0.0003172964
    0.0003109717
    0.0002518642
    0.0001418149
   -0.0000154295
   -0.0002141919
   -0.0004467505
   -0.0007029527
   -0.0009691899
   -0.0009906802
   -0.0007636791
   -0.0005561105
   -0.0003790934
   -0.0002408162
   -0.0001472707
   -0.0001024955
   -0.0001086043
   -0.0001657561
   -0.0002721306
   -0.0004239193
   -0.0006153310
   -0.0008385099
   -0.0009418217
   -0.0007721058
   -0.0006400411
   -0.0005519680
   -0.0005122045
   -0.0005230064
   -0.0005844856
   -0.0006945515
   -0.0008489285
   -0.0008647624
   -0.0007100607
   -0.0006890291
   -0.0008283414
   -0.0007248531
   -0.0004667250
   -0.0002907964
   -0.0002405525
   -0.0003315345
   -0.0005555247
   -0.0008845538
   -0.0007171714
   -0.0003896916
   -0.0000997009
    0.0001051851
    0.0001963321
    0.0001609874
    0.0000006318
   -0.0002702343
   -0.0006254628
   -0.0006878141
   -0.0003157794
    0.0000351956
    0.0003234401
    0.0005204735
    0.0006086928
    0.0005802834
    0.0004366299
    0.0001879670
   -0.0001468799
   -0.0005408115
   -0.0009590267
   -0.0007815101
   -0.0003779339
    0.0000227291
    0.0003822866
    0.0006724656
    0.0008730501
    0.0009710493
    0.0009602817
    0.0008411506
    0.0006205788
    0.0003120982
   -0.0000639338
   -0.0004798793
   -0.0009000528
   -0.0007479862
   -0.0003145104
    0.0001124187
    0.0005019426
    0.0008297895
    0.0010774844
    0.0012319955
    0.0012855353
    0.0012354336
    0.0010841226
    0.0008392448
    0.0005139041
    0.0001271781
   -0.0002949636
   -0.0007179573
   -0.0006873679
   -0.0002322680
    0.0002107641
    0.0006163488
    0.0009634928
    0.0012355462
    0.0014201942
    0.0015094107
    0.0014994017
    0.0013906161
    0.0011878480
    0.0009004563
    0.0005428160
    0.0001351140
   -0.0002951947
   -0.0007105329
   -0.0007144421
   -0.0002463576
    0.0002097124
    0.0006312645
    0.0009988263
    0.0012964050
    0.0015116815
    0.0016360746
    0.0016647383
    0.0015965794
    0.0014343264
    0.0011847258
    0.0008588870
    0.0004729277
    0.0000491060
   -0.0003820025
   -0.0007771492
   -0.0009355869
   -0.0004628541
    0.0000066255
    0.0004513657
    0.0008516992
    0.0011907137
    0.0014547322
    0.0016335033
    0.0017202682
    0.0017117886
    0.0016083796
    0.0014140399
    0.0011366951
    0.0007886436
    0.0003873514
   -0.0000431370
   -0.0004694137
   -0.0009668626
   -0.0004949771
   -0.0000264973
    0.0004176099
    0.0008178666
    0.0011573835
    0.0014224241
    0.0016026412
    0.0016911616
    0.0016846229
    0.0015832240
    0.0013908565
    0.0011153478
    0.0007689106
    0.0003689125
   -0.0000607181
   -0.0004867877
   -0.0008887520
   -0.0004243495
    0.0000325606
    0.0004601744
    0.0008388063
    0.0011517830
    0.0013858898
    0.0015315425
    0.0015828604
    0.0015377040
    0.0013977591
    0.0011687125
    0.0008605784
    0.0004882484
    0.0000724712
   -0.0003583464
   -0.0007645742
   -0.0007900657
   -0.0003417316
    0.0000937631
    0.0004926556
    0.0008345532
    0.0011029145
    0.0012852824
    0.0013733779
    0.0013631250
    0.0012547313
    0.0010528119
    0.0007666597
    0.0004107022
    0.0000052711
   -0.0004220183
   -0.0008336066
   -0.0007629478
   -0.0003396801
    0.0000680582
    0.0004329888
    0.0007329767
    0.0009510026
    0.0010751628
    0.0010986517
    0.0010197949
    0.0008421413
    0.0005746575
    0.0002320918
   -0.0001644706
   -0.0005866592
   -0.0008880624
   -0.0005018994
   -0.0001216065
    0.0002175303
    0.0004884949
    0.0006715479
    0.0007538173
    0.0007291435
    0.0005980432
    0.0003677861
    0.0000525737
   -0.0003262313
   -0.0007398300
   -0.0005382465
   -0.0002071692
    0.0000707388
    0.0002652293
    0.0003566488
    0.0003351122
    0.0002001639
   -0.0000393664
   -0.0003655071
   -0.0007515441
   -0.0006042429
   -0.0003411138
   -0.0001515912
   -0.0000673684
   -0.0001040866
   -0.0002626181
   -0.0005299109
   -0.0008802175
   -0.0008068696
   -0.0006133634
   -0.0005072436
   -0.0005256319
   -0.0006782534
   -0.0009506325
   -0.0008350850
   -0.0007141634
   -0.0006367226
   -0.0006055954
   -0.0006213989
   -0.0006825875
   -0.0007856163
   -0.0009251186
   -0.0007924467
   -0.0005996659
   -0.0004388090
   -0.0003163459
   -0.0002368643
   -0.0002030804
   -0.0002158166
   -0.0002740289
   -0.0003748945
   -0.0005138791
   -0.0006846801
   -0.0008788586
   -0.0008271204
   -0.0005880715
   -0.0003651355
   -0.0001688446
   -0.0000071723
    0.0001138835
    0.0001901097
    0.0002190543
    0.0002000311
    0.0001340943
    0.0000240082
   -0.0001257512
   -0.0003088872
   -0.0005168878
   -0.0007381989
   -0.0009567375
   -0.0009570970
   -0.0007135667
   -0.0004559265
   -0.0002033541
    0.0000301832
    0.0002341938
    0.0004006605
    0.0005235761
    0.0005987589
    0.0006238183
    0.0005981424
    0.0005229069
    0.0004010600
    0.0002373716
    0.0000385727
   -0.0001862911
   -0.0004252423
   -0.0006625045
   -0.0008777149
   -0.0007317942
   -0.0004748310
   -0.0002012649
    0.0000694080
    0.0003220057
    0.0005447381
    0.0007284616
    0.0008662554
    0.0009532199
    0.0009864221
    0.0009648892
    0.0008896172
    0.0007635903
    0.0005918285
    0.0003815072
    0.0001421997
   -0.0001138130
   -0.0003713029
   -0.0006124701
   -0.0008188760
   -0.0006919075
   -0.0004415615
   -0.0001608723
    0.0001300969
    0.0004132346
    0.0006733473
    0.0008981332
    0.0010779299
    0.0012054980
    0.0012759410
    0.0012866860
    0.0012375069
    0.0011305506
    0.0009703764
    0.0007640137
    0.0005210617
    0.0002537264
   -0.0000233780
   -0.0002941600
   -0.0005433731
   -0.0007608425
   -0.0006775301
   -0.0004295332
   -0.0001467605
    0.0001564681
    0.0004621810
    0.0007525896
    0.0010119195
    0.0012270784
    0.0013878358
    0.0014868689
    0.0015198290
    0.0014853874
    0.0013853076
    0.0012244824
    0.0010109560
    0.0007558558
    0.0004731326
    0.0001787540
   -0.0001110634
   -0.0003829203
   -0.0006299340
   -0.0008536634
   -0.0007726006
   -0.0005295989
   -0.0002554737
    0.0000475410
    0.0003675841
    0.0006868917
    0.0009860210
    0.0012467450
    0.0014536330
    0.0015948043
    0.0016623463
    0.0016525660
    0.0015661651
    0.0014083343
    0.0011887014
    0.0009210418
    0.0006225219
    0.0003120453
    0.0000075206
   -0.0002774488
   -0.0005354270
   -0.0007629133
   -0.0009544237
   -0.0007979997
   -0.0005690208
   -0.0003034076
   -0.0000038084
    0.0003220010
    0.0006580094
    0.0009821686
    0.0012706464
    0.0015015051
    0.0016571277
    0.0017256517
    0.0017018412
    0.0015875974
    0.0013920810
    0.0011313147
    0.0008269474
    0.0005037332
    0.0001857742
   -0.0001070553
   -0.0003597944
   -0.0005592268
   -0.0006909337
   -0.0007414573
   -0.0007038927
   -0.0005811608
   -0.0003839561
   -0.0001252006
    0.0001823426
    0.0005220620
    0.0008690857
    0.0011913902
    0.0014552663
    0.0016313925
    0.0016994664
    0.0016512339
    0.0014921299
    0.0012413569
    0.0009298349
    0.0005954630
    0.0002764945
    0.0000065029
   -0.0001862152
   -0.0002783020
   -0.0002553529
   -0.0001171713
    0.0001221556
    0.0004376386
    0.0007927714
    0.0011371907
    0.0014123069
    0.0015651009
    0.0015629499
    0.0014044219
    0.0011233205
    0.0007831732
    0.0004619965
    0.0002346934
    0.0001598302
    0.0002651887
    0.0005331200
    0.0008937729
    0.0012259044
    0.0013867100
    0.0012867270
    0.0009723205
    0.0006474211
    0.0005830710
    0.0008935226
    0.0011339415
    0.0009481369
   -0.0009248536
   -0.0007302234
   -0.0006826935
   -0.0007732761
   -0.0010000677
   -0.0006517977
   -0.0003954639
   -0.0002604586
   -0.0002587099
   -0.0003823772
   -0.0006019959
   -0.0007997804
   -0.0004221498
   -0.0001138755
    0.0000963346
    0.0001906709
    0.0001630845
    0.0000197437
   -0.0002204014
   -0.0005243677
   -0.0008688780
   -0.0004551450
   -0.0000742122
    0.0002415590
    0.0004680083
    0.0005893657
    0.0005981979
    0.0004953534
    0.0002900088
   -0.0000000823
   -0.0003478878
   -0.0007154163
   -0.0005600233
   -0.0001424136
    0.0002411147
    0.0005620717
    0.0007995412
    0.0009395195
    0.0009744877
    0.0009031471
    0.0007302845
    0.0004667791
    0.0001297531
   -0.0002570750
   -0.0006625735
   -0.0008521814
   -0.0004399031
   -0.0000146273
    0.0003856232
    0.0007325655
    0.0010053940
    0.0011895637
    0.0012760869
    0.0012611122
    0.0011456885
    0.0009356619
    0.0006416576
    0.0002791244
   -0.0001315807
   -0.0005650639
   -0.0006325445
   -0.0002115836
    0.0002158414
    0.0006145401
    0.0009588576
    0.0012301138
    0.0014152665
    0.0015061488
    0.0014990249
    0.0013943600
    0.0011966813
    0.0009145459
    0.0005605257
    0.0001511630
   -0.0002931972
   -0.0007487395
   -0.0007991386
   -0.0004085799
    0.0000212213
    0.0004459444
    0.0008344395
    0.0011641220
    0.0014186762
    0.0015868490
    0.0016617637
    0.0016405406
    0.0015240616
    0.0013168868
    0.0010272028
    0.0006667952
    0.0002509546
   -0.0002017989
   -0.0006703210
   -0.0006726232
   -0.0002661624
    0.0001670508
    0.0005868480
    0.0009648396
    0.0012804239
    0.0015187936
    0.0016698597
    0.0017276601
    0.0016900160
    0.0015583467
    0.0013375835
    0.0010361420
    0.0006658828
    0.0002419799
   -0.0002174183
   -0.0006919448
   -0.0006944682
   -0.0002878558
    0.0001452265
    0.0005647587
    0.0009423444
    0.0012573083
    0.0014947534
    0.0016445225
    0.0017006110
    0.0016608485
    0.0015267202
    0.0013032893
    0.0009991811
    0.0006265406
    0.0002009018
   -0.0002591548
   -0.0007327671
   -0.0005462897
   -0.0001198584
    0.0003076756
    0.0007033941
    0.0010432364
    0.0013096183
    0.0014901993
    0.0015771969
    0.0015670170
    0.0014600366
    0.0012605254
    0.0009766230
    0.0006203255
    0.0002074229
   -0.0002427387
   -0.0007077790
   -0.0006959032
   -0.0002725559
    0.0001522877
    0.0005448035
    0.0008798054
    0.0011387421
    0.0013086347
    0.0013815038
    0.0013540503
    0.0012274988
    0.0010075472
    0.0007043954
    0.0003327700
   -0.0000880796
   -0.0005344689
   -0.0008236747
   -0.0004011480
    0.0000159525
    0.0003941823
    0.0007079755
    0.0009384680
    0.0010728627
    0.0011040842
    0.0010306119
    0.0008564346
    0.0005911133
    0.0002499261
   -0.0001459218
   -0.0005688985
   -0.0006073652
   -0.0001984800
    0.0001658441
    0.0004583520
    0.0006589848
    0.0007548256
    0.0007400926
    0.0006162154
    0.0003920120
    0.0000840173
   -0.0002829091
   -0.0006743616
   -0.0005982632
   -0.0002276561
    0.0000713259
    0.0002736764
    0.0003633908
    0.0003341791
    0.0001900366
   -0.0000540556
   -0.0003710296
   -0.0007195006
   -0.0009219873
   -0.0005600099
   -0.0002783087
   -0.0001064763
   -0.0000613300
   -0.0001445338
   -0.0003406036
   -0.0006143591
   -0.0009631966
   -0.0006806425
   -0.0005213787
   -0.0005048620
   -0.0006227784
   -0.0008324508
   -0.0009046872
   -0.0008001785
   -0.0008703642
   -0.0008907935
   -0.0008592483
   -0.0007785588
   -0.0007070046
   -0.0008133995
   -0.0008990345
   -0.0009628580
   -0.0009952542
   -0.0009890113
   -0.0009455472
   -0.0008731977
   -0.0007790865
   -0.0006598413
   -0.0006444805
   -0.0007285787
   -0.0008016272
   -0.0008771065
   -0.0009520803
   -0.0010128094
   -0.0010442454
   -0.0010381000
   -0.0009964893
   -0.0009305661
   -0.0008547529
   -0.0007784103
   -0.0006986263
   -0.0005983176
   -0.0005705973
   -0.0006285878
   -0.0006605702
   -0.0006960842
   -0.0007527668
   -0.0008317063
   -0.0009195704
   -0.0009959269
   -0.0010417884
   -0.0010459909
   -0.0010081881
   -0.0009386343
   -0.0008550050
   -0.0007764160
   -0.0007157985
   -0.0006734456
   -0.0006349889
   -0.0005751213
   -0.0005329849
   -0.0005730063
   -0.0005630956
   -0.0007222406
   -0.0008369385
   -0.0009374999
   -0.0010019274
   -0.0010169519
   -0.0009802186
   -0.0009004060
   -0.0007955684
   -0.0005760845
   -0.0005582975
   -0.0005526799
   -0.0005600943
   -0.0007717842
   -0.0008884936
   -0.0009533301
   -0.0009557189
   -0.0008961254
   -0.0007857997
   -0.0005613676
   -0.0005528479
   -0.0005885749
   -0.0005889087
   -0.0008143222
   -0.0008848714
   -0.0008797888
   -0.0008006153
   -0.0005974018
   -0.0005854797
   -0.0006566510
   -0.0006414303
   -0.0007690379
   -0.0008150045
   -0.0007715709
   -0.0006468251
   -0.0006660282
   -0.0007306395
   -0.0007319676
   -0.0006523417
   -0.0007079152
   -0.0007362776
   -0.0006630136
   -0.0007065556
   -0.0007529722
   -0.0007276405
   -0.0007487898
   -0.0008183130
   -0.0008233027
   -0.0007539848
   -0.0006682095
   -0.0006335551
   -0.0007140379
   -0.0008158123
   -0.0008457850
   -0.0008135829
   -0.0007312501
   -0.0008143915
   -0.0008901133
   -0.0009160189
   -0.0008803631
   -0.0007725245
   -0.0005846955
   -0.0006102273
   -0.0007115419
   -0.0008527623
   -0.0009220307
   -0.0009297300
   -0.0008880829
   -0.0008097457
   -0.0007968888
   -0.0008922919
   -0.0009600417
   -0.0009888875
   -0.0009669996
   -0.0008824220
   -0.0007243747
   -0.0005435228
   -0.0005744948
   -0.0008208834
   -0.0009415622
   -0.0009967911
   -0.0009987286
   -0.0009599356
   -0.0008924248
   -0.0008073589
   -0.0007150607
   -0.0006556372
   -0.0007482273
   -0.0008412699
   -0.0009259778
   -0.0009929946
   -0.0010321878
   -0.0010324449
   -0.0009817637
   -0.0008679464
   -0.0005315154
   -0.0005576662
   -0.0008043835
   -0.0009472946
   -0.0010235182
   -0.0010452715
   -0.0010251127
   -0.0009748679
   -0.0009052583
   -0.0008259225
   -0.0007455643
   -0.0006720064
   -0.0006120468
   -0.0005711416
   -0.0005529963
   -0.0005592248
   -0.0005891902
   -0.0006401008
   -0.0007073250
   -0.0007848179
   -0.0008655126
   -0.0009415503
   -0.0010042902
   -0.0010441485
   -0.0010504073
   -0.0010112615
   -0.0009143597
   -0.0007481658
   -0.0005710950
   -0.0007543467
   -0.0009179781
   -0.0010121558
   -0.0010485925
   -0.0010397668
   -0.0009975901
   -0.0009328730
   -0.0008552892
   -0.0007735522
   -0.0006955469
   -0.0006283007
   -0.0005777402
   -0.0005483159
   -0.0005426041
   -0.0005610450
   -0.0006018926
   -0.0006613999
   -0.0007341656
   -0.0008135081
   -0.0008917462
   -0.0009602993
   -0.0010096194
   -0.0010290661
   -0.0010069540
   -0.0009310364
   -0.0007897161
   -0.0006006854
   -0.0007916550
   -0.0009298609
   -0.0010009550
   -0.0010164887
   -0.0009886158
   -0.0009289454
   -0.0008481387
   -0.0007559483
   -0.0006613978
   -0.0007328340
   -0.0008216396
   -0.0008980364
   -0.0009513265
   -0.0009699694
   -0.0009418803
   -0.0008552869
   -0.0007003974
   -0.0006492072
   -0.0006022765
   -0.0008232138
   -0.0009202641
   -0.0009528815
   -0.0009322757
   -0.0008702623
   -0.0007783710
   -0.0008142563
   -0.0008711977
   -0.0008842433
   -0.0008417622
   -0.0007342643
   -0.0006848126
   -0.0007105977
   -0.0006296086
   -0.0007901035
   -0.0008591022
   -0.0008622584
   -0.0008098228
   -0.0007702360
   -0.0007883881
   -0.0007447886
   -0.0006340822
   -0.0007059061
   -0.0007833736
   -0.0007666631
   -0.0006714549
   -0.0007580142
   -0.0007724406
   -0.0007209583
   -0.0006871628
   -0.0006862831
   -0.0006193878
   -0.0007980110
   -0.0008623539
   -0.0008453458
   -0.0007481749
   -0.0006473376
   -0.0006862260
   -0.0006520245
   -0.0006142720
   -0.0005982564
   -0.0007922078
   -0.0008967920
   -0.0009390212
   -0.0009122940
   -0.0008195092
   -0.0005791409
   -0.0006130834
   -0.0005568157
   -0.0005657105
   -0.0005283481
   -0.0007378042
   -0.0008617634
   -0.0009543643
   -0.0009987037
   -0.0009865222
   -0.0009190789
   -0.0008072649
   -0.0005405373
   -0.0005689682
   -0.0005304938
   -0.0005711078
   -0.0005794644
   -0.0005813654
   -0.0007277070
   -0.0008258478
   -0.0009234832
   -0.0010000064
   -0.0010390424
   -0.0010319529
   -0.0009794594
   -0.0008917662
   -0.0007869909
   -0.0006872810
   -0.0005732871
   -0.0005669433
   -0.0005771418
   -0.0006408090
   -0.0006945780
   -0.0007558344
   -0.0008304124
   -0.0009120031
   -0.0009861991
   -0.0010368520
   -0.0010519611
   -0.0010274714
   -0.0009686322
   -0.0008888134
   -0.0008054682
   -0.0007335123
   -0.0006781128
   -0.0006303578
   -0.0005685270
   -0.0006620677
   -0.0007549636
   -0.0008400815
   -0.0009182875
   -0.0009809704
   -0.0010164496
   -0.0010166606
   -0.0009813501
   -0.0009185193
   -0.0008407323
   -0.0007579699
   -0.0006698730
   -0.0006728444
   -0.0007840068
   -0.0008682149
   -0.0009216113
   -0.0009373859
   -0.0009129535
   -0.0008526289
   -0.0007638701
   -0.0006487256
   -0.0007757517
   -0.0007891883
   -0.0007461590
    0.0004503258
    0.0005713676
    0.0005543135
    0.0003461147
    0.0001751194
    0.0001684199
    0.0003189713
    0.0005408971
    0.0007296958
    0.0008053170
    0.0007403142
    0.0005619832
    0.0003302912
    0.0001086168
   -0.0000541024
   -0.0001263309
   -0.0000958428
    0.0000275524
    0.0002179702
    0.0004420408
    0.0006622007
    0.0008400706
    0.0009437301
    0.0009549622
    0.0008727095
    0.0007121007
    0.0004998649
    0.0002672746
    0.0000427639
   -0.0001521268
   -0.0003011680
   -0.0003901280
   -0.0004084098
   -0.0003544326
   -0.0002369784
   -0.0000703191
    0.0001307495
    0.0003509966
    0.0005724274
    0.0007741725
    0.0009352833
    0.0010383623
    0.0010723022
    0.0010336631
    0.0009268545
    0.0007633254
    0.0005598614
    0.0003359411
    0.0001103012
   -0.0001024217
   -0.0002930736
   -0.0004557214
   -0.0005831243
   -0.0006648200
   -0.0006908105
   -0.0006575732
   -0.0005705027
   -0.0004406681
   -0.0002789991
   -0.0000931198
    0.0001110872
    0.0003259648
    0.0005402624
    0.0007399516
    0.0009104181
    0.0010386546
    0.0011148270
    0.0011331609
    0.0010923054
    0.0009953453
    0.0008495126
    0.0006655998
    0.0004570100
    0.0002382470
    0.0000227840
   -0.0001794292
   -0.0003637568
   -0.0005302165
   -0.0005190511
   -0.0003551211
   -0.0001763517
    0.0000169469
    0.0002210002
    0.0004279172
    0.0006270024
    0.0008066701
    0.0009560760
    0.0010662136
    0.0011305309
    0.0011452502
    0.0011094734
    0.0010251763
    0.0008971136
    0.0007326218
    0.0005412956
    0.0003344336
    0.0001240948
   -0.0000784456
   -0.0002648444
   -0.0004319823
   -0.0005573423
   -0.0004076113
   -0.0002443271
   -0.0000653058
    0.0001264207
    0.0003235852
    0.0005166099
    0.0006953818
    0.0008504888
    0.0009739536
    0.0010596046
    0.0011032545
    0.0011027665
    0.0010580673
    0.0009711275
    0.0008459203
    0.0006883548
    0.0005061734
    0.0003087564
    0.0001067329
   -0.0000888114
   -0.0002677746
   -0.0004232972
   -0.0005145779
   -0.0003818636
   -0.0002281881
   -0.0000557779
    0.0001284663
    0.0003153403
    0.0004951583
    0.0006588715
    0.0007986566
    0.0009081696
    0.0009826462
    0.0010189217
    0.0010154294
    0.0009721925
    0.0008908068
    0.0007744332
    0.0006277939
    0.0004571731
    0.0002704148
    0.0000768726
   -0.0001128129
   -0.0002873331
   -0.0004360674
   -0.0004939759
   -0.0003683630
   -0.0002165751
   -0.0000471486
    0.0001297898
    0.0003042369
    0.0004671822
    0.0006109597
    0.0007293313
    0.0008174791
    0.0008719572
    0.0008906579
    0.0008727843
    0.0008188406
    0.0007306192
    0.0006112166
    0.0004650600
    0.0002979680
    0.0001172522
   -0.0000681613
   -0.0002476486
   -0.0004090240
   -0.0005392501
   -0.0005408588
   -0.0004195156
   -0.0002709975
   -0.0001073605
    0.0000601674
    0.0002218507
    0.0003695867
    0.0004968183
    0.0005983991
    0.0006704737
    0.0007103976
    0.0007166834
    0.0006889782
    0.0006280515
    0.0005358020
    0.0004152756
    0.0002707246
    0.0001077052
   -0.0000667357
   -0.0002437951
   -0.0004125510
   -0.0005596355
   -0.0005716806
   -0.0004367513
   -0.0002838710
   -0.0001254497
    0.0000284322
    0.0001697252
    0.0002920806
    0.0003905703
    0.0004615082
    0.0005023341
    0.0005115529
    0.0004887037
    0.0004343534
    0.0003500987
    0.0002385905
    0.0001035913
   -0.0000499195
   -0.0002155341
   -0.0003850666
   -0.0005479968
   -0.0005996727
   -0.0004549190
   -0.0003049562
   -0.0001598906
   -0.0000275046
    0.0000861964
    0.0001766203
    0.0002403647
    0.0002750967
    0.0002794981
    0.0002532348
    0.0001969567
    0.0001123071
    0.0000019486
   -0.0001303724
   -0.0002796921
   -0.0004395759
   -0.0006016452
   -0.0006582397
   -0.0005154252
   -0.0003769886
   -0.0002507656
   -0.0001427028
   -0.0000573099
    0.0000020845
    0.0000332093
    0.0000347978
    0.0000065664
   -0.0000507830
   -0.0001355472
   -0.0002449959
   -0.0003752975
   -0.0005213656
   -0.0006765450
   -0.0006456086
   -0.0005182885
   -0.0004069181
   -0.0003165515
   -0.0002509673
   -0.0002128334
   -0.0002037728
   -0.0002243860
   -0.0002742442
   -0.0003518744
   -0.0004547375
   -0.0005791672
   -0.0006168375
   -0.0005275971
   -0.0004637709
   -0.0004281474
   -0.0004224070
   -0.0004471250
   -0.0005017569
   -0.0005846185
   -0.0006227232
   -0.0004881039
   -0.0003994950
   -0.0003680291
   -0.0004109611
   -0.0005294453
   -0.0007113663
   -0.0004921559
   -0.0003426371
   -0.0002122814
   -0.0001293984
   -0.0001107131
   -0.0001628392
   -0.0002833710
   -0.0004619945
   -0.0006819675
   -0.0003981476
   -0.0002154898
   -0.0000509624
    0.0000727263
    0.0001405543
    0.0001442473
    0.0000817150
   -0.0000433670
   -0.0002219623
   -0.0004402168
   -0.0006803118
   -0.0004394712
   -0.0002300532
   -0.0000247085
    0.0001544342
    0.0002911542
    0.0003742691
    0.0003971795
    0.0003576151
    0.0002574653
    0.0001026709
   -0.0000968868
   -0.0003275358
   -0.0005720785
   -0.0005409591
   -0.0003151121
   -0.0000810648
    0.0001399329
    0.0003313693
    0.0004806686
    0.0005788014
    0.0006200800
    0.0006020440
    0.0005254002
    0.0003940183
    0.0002149590
   -0.0000014541
   -0.0002415163
   -0.0004879940
   -0.0005734876
   -0.0003276403
   -0.0000744076
    0.0001683149
    0.0003859621
    0.0005668715
    0.0007020896
    0.0007852788
    0.0008126593
    0.0007829916
    0.0006975827
    0.0005603360
    0.0003778528
    0.0001596033
   -0.0000818059
   -0.0003302100
   -0.0005652267
   -0.0006082269
   -0.0003455498
   -0.0000774037
    0.0001811761
    0.0004173534
    0.0006204051
    0.0007817170
    0.0008947869
    0.0009552250
    0.0009607621
    0.0009112678
    0.0008087964
    0.0006576787
    0.0004646706
    0.0002391978
   -0.0000062609
   -0.0002555483
   -0.0004878044
   -0.0004622667
   -0.0001830400
    0.0000910743
    0.0003481111
    0.0005775809
    0.0007706352
    0.0009201730
    0.0010208990
    0.0010693615
    0.0010639771
    0.0010050672
    0.0008949299
    0.0007379414
    0.0005407326
    0.0003124753
    0.0000653198
   -0.0001848659
   -0.0004172673
   -0.0004871052
   -0.0002010012
    0.0000794919
    0.0003435008
    0.0005811852
    0.0007840408
    0.0009450845
    0.0010589525
    0.0011219663
    0.0011321636
    0.0010893446
    0.0009951331
    0.0008530750
    0.0006687911
    0.0004502295
    0.0002080543
   -0.0000437100
   -0.0002866125
   -0.0004959163
   -0.0004950191
   -0.0002065661
    0.0000754817
    0.0003408190
    0.0005799639
    0.0007846311
    0.0009479545
    0.0010646167
    0.0011309188
    0.0011448238
    0.0011060103
    0.0010159282
    0.0008779021
    0.0006972781
    0.0004816704
    0.0002413352
   -0.0000102090
   -0.0002551539
   -0.0004696183
   -0.0005644363
   -0.0002782969
    0.0000034614
    0.0002704102
    0.0005128232
    0.0007221109
    0.0008910830
    0.0010140955
    0.0010871404
    0.0011078937
    0.0010757691
    0.0009919770
    0.0008596223
    0.0006838439
    0.0004720484
    0.0002342607
   -0.0000162996
   -0.0002622642
   -0.0004804819
   -0.0004885412
   -0.0002097795
    0.0000617489
    0.0003151525
    0.0005405895
    0.0007296130
    0.0008753679
    0.0009727024
    0.0010182461
    0.0010104512
    0.0009496490
    0.0008381357
    0.0006802825
    0.0004827263
    0.0002546512
    0.0000082383
   -0.0002405999
   -0.0004709981
   -0.0006221836
   -0.0003572110
   -0.0000924896
    0.0001592344
    0.0003865559
    0.0005797020
    0.0007307132
    0.0008335584
    0.0008841981
    0.0008806346
    0.0008229642
    0.0007134529
    0.0005566450
    0.0003595414
    0.0001318558
   -0.0001135793
   -0.0003601656
   -0.0005864918
   -0.0005105821
   -0.0002617262
   -0.0000178067
    0.0002069917
    0.0004007158
    0.0005537036
    0.0006586342
    0.0007105725
    0.0007069942
    0.0006478321
    0.0005355456
    0.0003752139
    0.0001746902
   -0.0000551760
   -0.0003002239
   -0.0005425010
   -0.0005061969
   -0.0002802381
   -0.0000588782
    0.0001410850
    0.0003061964
    0.0004261498
    0.0004937054
    0.0005046667
    0.0004578788
    0.0003552628
    0.0002018748
    0.0000059860
   -0.0002208138
   -0.0004635098
   -0.0004609900
   -0.0002623417
   -0.0000742126
    0.0000846123
    0.0002000966
    0.0002625363
    0.0002663601
    0.0002100422
    0.0000960663
   -0.0000691085
   -0.0002751040
   -0.0005077892
   -0.0004693344
   -0.0003046357
   -0.0001562638
   -0.0000455238
    0.0000130870
    0.0000112084
   -0.0000537194
   -0.0001786829
   -0.0003553581
   -0.0005705607
   -0.0004547743
   -0.0003389877
   -0.0002598909
   -0.0002364272
   -0.0002779688
   -0.0003851140
   -0.0005504258
   -0.0005251263
   -0.0004816272
   -0.0004966046
   -0.0005810490
   -0.0005142802
   -0.0005209051
   -0.0005563928
   -0.0005647114
   -0.0004658461
   -0.0003902483
   -0.0003405542
   -0.0003182844
   -0.0003238674
   -0.0003566699
   -0.0004150298
   -0.0004962740
   -0.0005966946
   -0.0006163270
   -0.0004813377
   -0.0003596319
   -0.0002562836
   -0.0001751225
   -0.0001188890
   -0.0000893034
   -0.0000870921
   -0.0001120090
   -0.0001628557
   -0.0002374833
   -0.0003327711
   -0.0004445349
   -0.0005673081
   -0.0006939505
   -0.0006482704
   -0.0005023099
   -0.0003573198
   -0.0002212109
   -0.0001000672
    0.0000014155
    0.0000796933
    0.0001322492
    0.0001575402
    0.0001549732
    0.0001248912
    0.0000685626
   -0.0000118065
   -0.0001130330
   -0.0002308607
   -0.0003597595
   -0.0004926123
   -0.0006202583
   -0.0005408557
   -0.0003922760
   -0.0002390298
   -0.0000903106
    0.0000466670
    0.0001662416
    0.0002640170
    0.0003366985
    0.0003820109
    0.0003986566
    0.0003862994
    0.0003455574
    0.0002780078
    0.0001862019
    0.0000737254
   -0.0000547006
   -0.0001930546
   -0.0003337900
   -0.0004676309
   -0.0005835354
   -0.0006055985
   -0.0004870807
   -0.0003426078
   -0.0001846694
   -0.0000239894
    0.0001305647
    0.0002717948
    0.0003939370
    0.0004924829
    0.0005640621
    0.0006063788
    0.0006181816
    0.0005992566
    0.0005504241
    0.0004735473
    0.0003715562
    0.0002484967
    0.0001096065
   -0.0000385994
   -0.0001882832
   -0.0003304102
   -0.0004552884
   -0.0005538403
   -0.0005203749
   -0.0004020105
   -0.0002563653
   -0.0000937998
    0.0000752219
    0.0002411867
    0.0003959112
    0.0005325920
    0.0006457549
    0.0007311826
    0.0007858702
    0.0008080033
    0.0007969535
    0.0007532766
    0.0006787248
    0.0005762554
    0.0004500556
    0.0003055594
    0.0001494268
   -0.0000105891
   -0.0001660384
   -0.0003086455
   -0.0004318544
   -0.0004673664
   -0.0003428256
   -0.0001936915
   -0.0000263158
    0.0001503640
    0.0003267939
    0.0004939485
    0.0006438854
    0.0007699685
    0.0008669442
    0.0009309650
    0.0009596027
    0.0009518630
    0.0009082003
    0.0008305230
    0.0007221932
    0.0005880132
    0.0004341510
    0.0002679731
    0.0000976405
   -0.0000686647
   -0.0002240231
   -0.0003644992
   -0.0004907817
   -0.0005019692
   -0.0003717365
   -0.0002237519
   -0.0000571961
    0.0001233543
    0.0003098620
    0.0004928290
    0.0006627591
    0.0008110502
    0.0009304696
    0.0010153988
    0.0010619672
    0.0010681359
    0.0010337432
    0.0009605305
    0.0008521217
    0.0007139511
    0.0005530851
    0.0003778401
    0.0001970882
    0.0000191341
   -0.0001497770
   -0.0003068465
   -0.0004530727
   -0.0005915214
   -0.0005598237
   -0.0004172845
   -0.0002633452
   -0.0000944534
    0.0000892647
    0.0002829018
    0.0004778324
    0.0006635705
    0.0008294639
    0.0009658917
    0.0010650069
    0.0011211883
    0.0011313047
    0.0010948642
    0.0010140747
    0.0008937820
    0.0007412555
    0.0005657173
    0.0003774876
    0.0001866865
    0.0000016576
   -0.0001722532
   -0.0003325190
   -0.0004772327
   -0.0006019067
   -0.0006979225
   -0.0006404240
   -0.0005237032
   -0.0003829029
   -0.0002230662
   -0.0000457963
    0.0001470015
    0.0003498874
    0.0005531696
    0.0007442915
    0.0009099631
    0.0010380644
    0.0011190374
    0.0011467777
    0.0011191786
    0.0010383723
    0.0009106536
    0.0007460059
    0.0005570773
    0.0003575186
    0.0001599632
   -0.0000254925
   -0.0001910758
   -0.0003291716
   -0.0004302757
   -0.0004839537
   -0.0004829016
   -0.0004267203
   -0.0003219407
   -0.0001781665
   -0.0000040298
    0.0001930628
    0.0004038475
    0.0006146882
    0.0008080587
    0.0009653295
    0.0010700600
    0.0011107399
    0.0010826236
    0.0009886498
    0.0008393383
    0.0006514366
    0.0004452460
    0.0002412460
    0.0000577464
   -0.0000888903
   -0.0001830477
   -0.0002116507
   -0.0001691273
   -0.0000601803
    0.0001029264
    0.0003042026
    0.0005234983
    0.0007342718
    0.0009054027
    0.0010077082
    0.0010217245
    0.0009436777
    0.0007878885
    0.0005844838
    0.0003726102
    0.0001926106
    0.0000810703
    0.0000653582
    0.0001536642
    0.0003291479
    0.0005520760
    0.0007619185
    0.0008871767
    0.0008743955
    0.0007236494
    0.0005045824
    0.0003362223
    0.0003346976
    0.0005241043
    0.0007296311
    0.0006202284
    0.0005904036
   -0.0006214309
   -0.0005412103
   -0.0004251643
   -0.0003804791
   -0.0004050774
   -0.0004832946
   -0.0006894596
   -0.0004730784
   -0.0002976189
   -0.0001785854
   -0.0001250748
   -0.0001387916
   -0.0002134471
   -0.0003341696
   -0.0004765466
   -0.0006557715
   -0.0004203265
   -0.0002091370
   -0.0000390007
    0.0000775735
    0.0001329423
    0.0001246132
    0.0000554172
   -0.0000663075
   -0.0002263801
   -0.0004041144
   -0.0005033797
   -0.0002635938
   -0.0000432341
    0.0001418700
    0.0002796602
    0.0003619470
    0.0003844204
    0.0003466376
    0.0002520265
    0.0001079507
   -0.0000741412
   -0.0002783874
   -0.0004838262
   -0.0005917159
   -0.0003507124
   -0.0001077525
    0.0001184164
    0.0003128326
    0.0004640793
    0.0005640807
    0.0006079362
    0.0005938110
    0.0005228649
    0.0003992178
    0.0002299685
    0.0000252569
   -0.0002015950
   -0.0004337641
   -0.0005425082
   -0.0003066145
   -0.0000597311
    0.0001781980
    0.0003915200
    0.0005681768
    0.0006992552
    0.0007786860
    0.0008030438
    0.0007714140
    0.0006853159
    0.0005486524
    0.0003676993
    0.0001510971
   -0.0000901340
   -0.0003425509
   -0.0005901533
   -0.0004564141
   -0.0002213476
    0.0000273524
    0.0002695501
    0.0004897401
    0.0006760474
    0.0008196132
    0.0009142070
    0.0009559797
    0.0009433016
    0.0008766570
    0.0007585826
    0.0005936276
    0.0003883170
    0.0001511111
   -0.0001076708
   -0.0003759650
   -0.0006401211
   -0.0004122940
   -0.0001799149
    0.0000696769
    0.0003157664
    0.0005426150
    0.0007382210
    0.0008935693
    0.0010021820
    0.0010598206
    0.0010643081
    0.0010154060
    0.0009147375
    0.0007657425
    0.0005736293
    0.0003453242
    0.0000893795
   -0.0001841917
   -0.0004641821
   -0.0004719357
   -0.0002569428
   -0.0000119566
    0.0002391977
    0.0004787188
    0.0006930845
    0.0008720409
    0.0010079997
    0.0010956537
    0.0011317483
    0.0011149240
    0.0010456193
    0.0009260079
    0.0007599561
    0.0005529690
    0.0003121248
    0.0000459362
   -0.0002358676
   -0.0005227368
   -0.0004907392
   -0.0002814103
   -0.0000384148
    0.0002135238
    0.0004560164
    0.0006751131
    0.0008602134
    0.0010034193
    0.0010991280
    0.0011437885
    0.0011357368
    0.0010750948
    0.0009637080
    0.0008050958
    0.0006044057
    0.0003683456
    0.0001050627
   -0.0001760713
   -0.0004648344
   -0.0005283450
   -0.0003211349
   -0.0000791390
    0.0001726981
    0.0004157346
    0.0006357763
    0.0008219960
    0.0009663028
    0.0010629432
    0.0011082581
    0.0011005273
    0.0010398683
    0.0009281731
    0.0007690706
    0.0005678774
    0.0003315329
    0.0000684811
   -0.0002115405
   -0.0004978581
   -0.0004381805
   -0.0002023574
    0.0000483597
    0.0002939933
    0.0005192109
    0.0007122265
    0.0008641462
    0.0009685724
    0.0010213480
    0.0010203985
    0.0009656375
    0.0008589025
    0.0007039168
    0.0005062550
    0.0002732885
    0.0000140874
   -0.0002607501
   -0.0005393792
   -0.0004709486
   -0.0002294811
    0.0000203370
    0.0002597995
    0.0004742863
    0.0006525014
    0.0007860087
    0.0008689375
    0.0008978001
    0.0008713829
    0.0007906721
    0.0006588217
    0.0004811333
    0.0002650324
    0.0000200279
   -0.0002423561
   -0.0005086788
   -0.0004814555
   -0.0002346638
    0.0000100945
    0.0002357946
    0.0004289396
    0.0005791912
    0.0006791247
    0.0007240814
    0.0007120699
    0.0006437168
    0.0005222546
    0.0003535231
    0.0001459971
   -0.0000891719
   -0.0003380779
   -0.0005838443
   -0.0005469711
   -0.0003005572
   -0.0000637742
    0.0001469424
    0.0003184597
    0.0004409367
    0.0005078035
    0.0005157400
    0.0004646826
    0.0003578608
    0.0002018573
    0.0000067303
   -0.0002137934
   -0.0004419266
   -0.0005138910
   -0.0002774576
   -0.0000669725
    0.0001027733
    0.0002206244
    0.0002793682
    0.0002759375
    0.0002115752
    0.0000920090
   -0.0000723014
   -0.0002657636
   -0.0004669054
   -0.0004919000
   -0.0002836733
   -0.0001192063
   -0.0000111441
    0.0000329919
    0.0000114394
   -0.0000712889
   -0.0002038651
   -0.0003673825
   -0.0005887328
   -0.0004074354
   -0.0002829523
   -0.0002259473
   -0.0002386713
   -0.0003135496
   -0.0004317875
   -0.0006898173
   -0.0005469682
   -0.0004755534
   -0.0004779726
   -0.0005392188
   -0.0005282012
   -0.0005819435
   -0.0005988198
   -0.0005772359
   -0.0005189549
   -0.0005370767
   -0.0006052871
   -0.0006553738
   -0.0006823279
   -0.0006817439
   -0.0006536053
   -0.0006020105
   -0.0005313201
   -0.0004719035
   -0.0005380961
   -0.0005989077
   -0.0006552579
   -0.0007015104
   -0.0007296722
   -0.0007339320
   -0.0007134792
   -0.0006726826
   -0.0006187158
   -0.0005575735
   -0.0004902022
   -0.0003851688
   -0.0004393637
   -0.0004826166
   -0.0005275093
   -0.0005797360
   -0.0006371353
   -0.0006916065
   -0.0007328634
   -0.0007523688
   -0.0007461564
   -0.0007159335
   -0.0006683873
   -0.0006128766
   -0.0005580187
   -0.0005081563
   -0.0004610465
   -0.0004078310
   -0.0003676873
   -0.0003943700
   -0.0004078235
   -0.0005016793
   -0.0005640044
   -0.0006310764
   -0.0006905830
   -0.0007311265
   -0.0007450522
   -0.0007300667
   -0.0006895857
   -0.0006319002
   -0.0005682147
   -0.0005097440
   -0.0004644356
   -0.0004342925
   -0.0004142939
   -0.0003934058
   -0.0003573247
   -0.0003595263
   -0.0003538907
   -0.0005384352
   -0.0006173229
   -0.0006786059
   -0.0007120677
   -0.0007124947
   -0.0006803344
   -0.0006215300
   -0.0005465677
   -0.0003604371
   -0.0003576674
   -0.0003624823
   -0.0005566290
   -0.0006291128
   -0.0006681357
   -0.0006685692
   -0.0006308688
   -0.0005609483
   -0.0003479368
   -0.0003617297
   -0.0003908006
   -0.0003691634
   -0.0005645530
   -0.0006129055
   -0.0006168123
   -0.0005762898
   -0.0003682840
   -0.0003910955
   -0.0004376035
   -0.0004129089
   -0.0005196420
   -0.0005612809
   -0.0005517768
   -0.0004925488
   -0.0003836550
   -0.0004318970
   -0.0004375785
   -0.0004943612
   -0.0004861701
   -0.0004315940
   -0.0004631432
   -0.0005056406
   -0.0004909961
   -0.0004719229
   -0.0005017996
   -0.0004897851
   -0.0005123479
   -0.0005548361
   -0.0005581132
   -0.0005177462
   -0.0004304467
   -0.0004551561
   -0.0004173685
   -0.0004624784
   -0.0005368902
   -0.0005687206
   -0.0005611973
   -0.0005196109
   -0.0005405723
   -0.0005979444
   -0.0006250773
   -0.0006158438
   -0.0005651644
   -0.0003925293
   -0.0004101105
   -0.0005279099
   -0.0006013458
   -0.0006338440
   -0.0006300637
   -0.0005960215
   -0.0005384702
   -0.0005688283
   -0.0006309157
   -0.0006712780
   -0.0006834632
   -0.0006613327
   -0.0005994766
   -0.0003762055
   -0.0003639844
   -0.0005410727
   -0.0006309057
   -0.0006799454
   -0.0006930536
   -0.0006762405
   -0.0006360359
   -0.0005790969
   -0.0005119888
   -0.0004855205
   -0.0005575499
   -0.0006237211
   -0.0006781137
   -0.0007146212
   -0.0007270090
   -0.0007090552
   -0.0006548791
   -0.0005595326
   -0.0003614813
   -0.0005495625
   -0.0006496108
   -0.0007090001
   -0.0007327264
   -0.0007268032
   -0.0006976190
   -0.0006515532
   -0.0005947683
   -0.0005331095
   -0.0004720283
   -0.0004186172
   -0.0004746126
   -0.0005362454
   -0.0005987974
   -0.0006571291
   -0.0007057607
   -0.0007389073
   -0.0007505188
   -0.0007344082
   -0.0006845440
   -0.0005955828
   -0.0003522864
   -0.0003451037
   -0.0006168103
   -0.0006980091
   -0.0007412995
   -0.0007523301
   -0.0007373173
   -0.0007025473
   -0.0006541056
   -0.0005977538
   -0.0005388691
   -0.0004823901
   -0.0004327237
   -0.0003936026
   -0.0003679144
   -0.0003575327
   -0.0003631920
   -0.0003844381
   -0.0004196708
   -0.0004662592
   -0.0005207131
   -0.0005788542
   -0.0006359680
   -0.0006868993
   -0.0007261088
   -0.0007477143
   -0.0007455867
   -0.0007135660
   -0.0006458836
   -0.0005378486
   -0.0003687425
   -0.0005795415
   -0.0006728075
   -0.0007266203
   -0.0007461811
   -0.0007375018
   -0.0007068198
   -0.0006602571
   -0.0006036615
   -0.0005425356
   -0.0004819985
   -0.0004267086
   -0.0003807402
   -0.0004139734
   -0.0004665403
   -0.0005249073
   -0.0005844076
   -0.0006398666
   -0.0006856896
   -0.0007159328
   -0.0007244100
   -0.0007049062
   -0.0006515702
   -0.0005595567
   -0.0003763201
   -0.0003939977
   -0.0006049281
   -0.0006774386
   -0.0007120013
   -0.0007139825
   -0.0006894394
   -0.0006446122
   -0.0005856538
   -0.0005185012
   -0.0005379499
   -0.0005974714
   -0.0006444605
   -0.0006725362
   -0.0006753162
   -0.0006467660
   -0.0005817638
   -0.0004201395
   -0.0004311336
   -0.0005441236
   -0.0006228816
   -0.0006616041
   -0.0006647488
   -0.0006379772
   -0.0005875220
   -0.0005509899
   -0.0005953159
   -0.0006144636
   -0.0006023883
   -0.0005542246
   -0.0004670963
   -0.0004520084
   -0.0004832062
   -0.0004541680
   -0.0005444483
   -0.0005938532
   -0.0006039728
   -0.0005793277
   -0.0005314642
   -0.0005436750
   -0.0005202690
   -0.0004587551
   -0.0004934866
   -0.0005358816
   -0.0005239428
   -0.0004826895
   -0.0005286830
   -0.0005337406
   -0.0005009815
   -0.0004729121
   -0.0004622734
   -0.0004141993
   -0.0005053307
   -0.0005732847
   -0.0005952201
   -0.0005685327
   -0.0004119962
   -0.0004602900
   -0.0004673982
   -0.0004113090
   -0.0003834516
   -0.0006007386
   -0.0006440579
   -0.0006458297
   -0.0006053961
   -0.0005270276
   -0.0003719614
   -0.0004082086
   -0.0004051117
   -0.0003701264
   -0.0003538173
   -0.0005842958
   -0.0006530173
   -0.0006919282
   -0.0006952850
   -0.0006621672
   -0.0005966305
   -0.0003683662
   -0.0003645377
   -0.0003531860
   -0.0003583734
   -0.0005583404
   -0.0006320809
   -0.0006916292
   -0.0007271138
   -0.0007324970
   -0.0007064808
   -0.0006527611
   -0.0005796349
   -0.0003490365
   -0.0003578456
   -0.0003438761
   -0.0003717989
   -0.0003990899
   -0.0004236167
   -0.0004556470
   -0.0005005970
   -0.0005578091
   -0.0006211088
   -0.0006808674
   -0.0007267629
   -0.0007503805
   -0.0007471174
   -0.0007171789
   -0.0006656554
   -0.0006016012
   -0.0005360688
   -0.0004792604
   -0.0004374346
   -0.0004105909
   -0.0003918989
   -0.0003691920
   -0.0004090860
   -0.0004628024
   -0.0005154106
   -0.0005714175
   -0.0006294261
   -0.0006832422
   -0.0007244752
   -0.0007455574
   -0.0007422220
   -0.0007148764
   -0.0006686195
   -0.0006118353
   -0.0005534919
   -0.0004997502
   -0.0004510695
   -0.0004011074
   -0.0004622179
   -0.0005331250
   -0.0005970949
   -0.0006521399
   -0.0006925196
   -0.0007120236
   -0.0007071010
   -0.0006786368
   -0.0006317236
   -0.0005733884
   -0.0005089220
   -0.0004383236
   -0.0005351332
   -0.0005956512
   -0.0006336044
   -0.0006448154
   -0.0006278106
   -0.0005851514
   -0.0005215822
   -0.0005384099
    0.0002846995
    0.0003637266
    0.0003533977
    0.0002189231
    0.0001078207
    0.0001035529
    0.0002019621
    0.0003465759
    0.0004696714
    0.0005197055
    0.0004788470
    0.0003645779
    0.0002152277
    0.0000711742
   -0.0000357950
   -0.0000841962
   -0.0000650900
    0.0000152466
    0.0001393633
    0.0002851992
    0.0004287310
    0.0005456122
    0.0006152432
    0.0006254775
    0.0005752173
    0.0004739546
    0.0003386632
    0.0001890583
    0.0000429787
   -0.0000857771
   -0.0001862173
   -0.0002482579
   -0.0002640575
   -0.0002317926
   -0.0001569416
   -0.0000492464
    0.0000810199
    0.0002238625
    0.0003682244
    0.0005013548
    0.0006100211
    0.0006826940
    0.0007115326
    0.0006935672
    0.0006310151
    0.0005307992
    0.0004033679
    0.0002608951
    0.0001150791
   -0.0000248167
   -0.0001526673
   -0.0002641608
   -0.0003542660
   -0.0004159629
   -0.0004420848
   -0.0004290165
   -0.0003789147
   -0.0002984958
   -0.0001955690
   -0.0000763076
    0.0000548577
    0.0001934864
    0.0003335101
    0.0004669458
    0.0005847911
    0.0006783664
    0.0007405190
    0.0007664677
    0.0007542556
    0.0007048832
    0.0006221852
    0.0005124434
    0.0003837446
    0.0002450172
    0.0001047648
   -0.0000303186
   -0.0001563614
   -0.0002722035
   -0.0003776873
   -0.0004709612
   -0.0004701929
   -0.0003771458
   -0.0002725480
   -0.0001588948
   -0.0000368507
    0.0000925475
    0.0002263863
    0.0003596082
    0.0004856702
    0.0005975391
    0.0006886228
    0.0007534585
    0.0007881528
    0.0007906301
    0.0007607258
    0.0007001830
    0.0006125490
    0.0005029708
    0.0003778666
    0.0002444048
    0.0001097492
   -0.0000199569
   -0.0001407138
   -0.0002515033
   -0.0003541785
   -0.0003509381
   -0.0002490446
   -0.0001408135
   -0.0000246776
    0.0000986887
    0.0002261741
    0.0003528528
    0.0004728778
    0.0005803052
    0.0006697097
    0.0007365934
    0.0007776213
    0.0007907566
    0.0007753177
    0.0007319869
    0.0006627914
    0.0005710347
    0.0004611957
    0.0003387541
    0.0002098962
    0.0000810490
   -0.0000418367
   -0.0001542715
   -0.0002543384
   -0.0003435383
   -0.0003019141
   -0.0002102235
   -0.0001088367
    0.0000024002
    0.0001209476
    0.0002424165
    0.0003614949
    0.0004727031
    0.0005709240
    0.0006517250
    0.0007115484
    0.0007478098
    0.0007589443
    0.0007444280
    0.0007047770
    0.0006415384
    0.0005572720
    0.0004555118
    0.0003407101
    0.0002181298
    0.0000936411
   -0.0000266404
   -0.0001369666
   -0.0002328923
   -0.0003124930
   -0.0002985676
   -0.0002194698
   -0.0001265440
   -0.0000217136
    0.0000909813
    0.0002064259
    0.0003192350
    0.0004242740
    0.0005169656
    0.0005934556
    0.0006506840
    0.0006864234
    0.0006992855
    0.0006887252
    0.0006550348
    0.0005993458
    0.0005236228
    0.0004306624
    0.0003240887
    0.0002083393
    0.0000886197
   -0.0000292183
   -0.0001389442
   -0.0002344692
   -0.0003107378
   -0.0003047970
   -0.0002316537
   -0.0001418359
   -0.0000399259
    0.0000685766
    0.0001780503
    0.0002832301
    0.0003794477
    0.0004627420
    0.0005298901
    0.0005784110
    0.0006065554
    0.0006132960
    0.0005983188
    0.0005620205
    0.0005055079
    0.0004306054
    0.0003398663
    0.0002365990
    0.0001248941
    0.0000096515
   -0.0001034202
   -0.0002078908
   -0.0002968739
   -0.0003636177
   -0.0003509015
   -0.0002837003
   -0.0001980480
   -0.0001002328
    0.0000034698
    0.0001072753
    0.0002061032
    0.0002956379
    0.0003723191
    0.0004333117
    0.0004764685
    0.0005003041
    0.0005039716
    0.0004872571
    0.0004505726
    0.0003949610
    0.0003221068
    0.0002343600
    0.0001347752
    0.0000271731
   -0.0000837869
   -0.0001925126
   -0.0002924193
   -0.0003759599
   -0.0003975845
   -0.0003257408
   -0.0002377404
   -0.0001407996
   -0.0000412764
    0.0000554168
    0.0001447690
    0.0002230946
    0.0002874503
    0.0003355719
    0.0003658241
    0.0003771738
    0.0003691700
    0.0003419385
    0.0002961830
    0.0002331921
    0.0001548681
    0.0000637590
   -0.0000368720
   -0.0001429520
   -0.0002494589
   -0.0003502465
   -0.0004378590
   -0.0004608081
   -0.0003838168
   -0.0002943279
   -0.0001995411
   -0.0001053964
   -0.0000167316
    0.0000625481
    0.0001293350
    0.0001812179
    0.0002164130
    0.0002337214
    0.0002325046
    0.0002126740
    0.0001746903
    0.0001195706
    0.0000489096
   -0.0000350855
   -0.0001295318
   -0.0002307665
   -0.0003341933
   -0.0004340536
   -0.0004847967
   -0.0003972501
   -0.0003056889
   -0.0002159122
   -0.0001325305
   -0.0000591983
    0.0000012203
    0.0000465360
    0.0000751691
    0.0000861061
    0.0000788813
    0.0000535698
    0.0000107886
   -0.0000482870
   -0.0001218992
   -0.0002076574
   -0.0003024519
   -0.0004023160
   -0.0005022011
   -0.0004808636
   -0.0003918948
   -0.0003072409
   -0.0002310236
   -0.0001664659
   -0.0001160480
   -0.0000816086
   -0.0000643969
   -0.0000651003
   -0.0000838570
   -0.0001202525
   -0.0001733105
   -0.0002414684
   -0.0003225293
   -0.0004135854
   -0.0005108725
   -0.0004815270
   -0.0004009735
   -0.0003307016
   -0.0002736272
   -0.0002319538
   -0.0002072502
   -0.0002004917
   -0.0002120751
   -0.0002418191
   -0.0002889577
   -0.0003521137
   -0.0004292636
   -0.0003818598
   -0.0003414579
   -0.0003189687
   -0.0003153487
   -0.0003309332
   -0.0003654313
   -0.0003656720
   -0.0003562988
   -0.0003854143
   -0.0004569617
   -0.0003356498
   -0.0002723867
   -0.0002238260
   -0.0002053422
   -0.0002252851
   -0.0002856563
   -0.0003828615
   -0.0005086926
   -0.0003102215
   -0.0002231026
   -0.0001407415
   -0.0000786561
   -0.0000473550
   -0.0000528253
   -0.0000968942
   -0.0001775613
   -0.0002893789
   -0.0004239696
   -0.0002985926
   -0.0001922644
   -0.0000857225
    0.0000068407
    0.0000749630
    0.0001114948
    0.0001123437
    0.0000762956
    0.0000048743
   -0.0000978100
   -0.0002252452
   -0.0003687984
   -0.0003596036
   -0.0002441380
   -0.0001180330
    0.0000043885
    0.0001119152
    0.0001959880
    0.0002504443
    0.0002713624
    0.0002569727
    0.0002075929
    0.0001255786
    0.0000152835
   -0.0001170007
   -0.0002631330
   -0.0004132919
   -0.0003306253
   -0.0001939398
   -0.0000522286
    0.0000831878
    0.0002031807
    0.0003005511
    0.0003698936
    0.0004075153
    0.0004113899
    0.0003811370
    0.0003180093
    0.0002249015
    0.0001063638
   -0.0000313753
   -0.0001803771
   -0.0003309854
   -0.0003768644
   -0.0002286837
   -0.0000740643
    0.0000769213
    0.0002158538
    0.0003358030
    0.0004312473
    0.0004980351
    0.0005333615
    0.0005357641
    0.0005051249
    0.0004426819
    0.0003510637
    0.0002343298
    0.0000980457
   -0.0000506240
   -0.0002027843
   -0.0003476456
   -0.0004353279
   -0.0002775389
   -0.0001126351
    0.0000505075
    0.0002041884
    0.0003418256
    0.0004579433
    0.0005481760
    0.0006092710
    0.0006391022
    0.0006366758
    0.0006021530
    0.0005368746
    0.0004434038
    0.0003255936
    0.0001886793
    0.0000394137
   -0.0001137365
   -0.0002603192
   -0.0003875160
   -0.0004091507
   -0.0002385795
   -0.0000651700
    0.0001037281
    0.0002615363
    0.0004025091
    0.0005217881
    0.0006154408
    0.0006804931
    0.0007149511
    0.0007178189
    0.0006891268
    0.0006299565
    0.0005424952
    0.0004300956
    0.0002973761
    0.0001503630
   -0.0000033027
   -0.0001540653
   -0.0002900128
   -0.0003475280
   -0.0001685580
    0.0000090442
    0.0001789821
    0.0003355236
    0.0004736189
    0.0005889876
    0.0006781777
    0.0007386031
    0.0007685760
    0.0007673287
    0.0007350478
    0.0006729035
    0.0005831067
    0.0004689777
    0.0003350560
    0.0001872520
    0.0000330764
   -0.0001180249
   -0.0002541683
   -0.0004983065
   -0.0003186332
   -0.0001362264
    0.0000428907
    0.0002129429
    0.0003686111
    0.0005051810
    0.0006186467
    0.0007057759
    0.0007641578
    0.0007922344
    0.0007893333
    0.0007556936
    0.0006925065
    0.0006019714
    0.0004873684
    0.0003531691
    0.0002051986
    0.0000508671
   -0.0001004758
   -0.0002370170
   -0.0003929405
   -0.0002103700
   -0.0000292333
    0.0001447560
    0.0003062091
    0.0004502483
    0.0005726426
    0.0006698942
    0.0007392936
    0.0007789653
    0.0007878955
    0.0007659673
    0.0007139920
    0.0006337621
    0.0005281139
    0.0004010269
    0.0002577616
    0.0001050601
   -0.0000485515
   -0.0001923135
   -0.0003125542
   -0.0004509726
   -0.0002718501
   -0.0000922901
    0.0000818244
    0.0002448828
    0.0003917622
    0.0005179762
    0.0006197721
    0.0006942013
    0.0007391623
    0.0007534326
    0.0007367075
    0.0006896302
    0.0006138396
    0.0005120360
    0.0003880664
    0.0002470577
    0.0000956016
   -0.0000579685
   -0.0002031680
   -0.0003267502
   -0.0003795955
   -0.0002054371
   -0.0000327949
    0.0001321140
    0.0002835583
    0.0004164585
    0.0005264994
    0.0006102068
    0.0006650011
    0.0006892325
    0.0006822172
    0.0006442669
    0.0005767361
    0.0004820751
    0.0003639105
    0.0002271578
    0.0000781809
   -0.0000749750
   -0.0002222425
   -0.0003510366
   -0.0004171865
   -0.0002530958
   -0.0000878974
    0.0000713049
    0.0002180814
    0.0003468021
    0.0004527361
    0.0005321125
    0.0005821692
    0.0006011872
    0.0005885218
    0.0005446377
    0.0004711490
    0.0003708787
    0.0002479392
    0.0001078389
   -0.0000423570
   -0.0001938115
   -0.0003356055
   -0.0004489110
   -0.0002999708
   -0.0001460141
    0.0000043972
    0.0001437318
    0.0002655326
    0.0003644677
    0.0004363692
    0.0004782621
    0.0004883965
    0.0004662688
    0.0004126553
    0.0003296560
    0.0002207439
    0.0000908442
   -0.0000535706
   -0.0002043529
   -0.0003515125
   -0.0003957514
   -0.0002604682
   -0.0001211426
    0.0000123986
    0.0001318902
    0.0002305690
    0.0003031548
    0.0003458491
    0.0003563441
    0.0003338382
    0.0002790530
    0.0001942661
    0.0000833434
   -0.0000482173
   -0.0001932391
   -0.0003428334
   -0.0003360647
   -0.0002158033
   -0.0000953573
    0.0000145112
    0.0001052077
    0.0001701583
    0.0002047423
    0.0002062578
    0.0001739096
    0.0001088092
    0.0000139700
   -0.0001056985
   -0.0002434230
   -0.0003906579
   -0.0003273734
   -0.0002272501
   -0.0001286905
   -0.0000439598
    0.0000176730
    0.0000496930
    0.0000482141
    0.0000118982
   -0.0000580981
   -0.0001581953
   -0.0002825027
   -0.0004230257
   -0.0003188259
   -0.0002416874
   -0.0001725552
   -0.0001242374
   -0.0001054562
   -0.0001211476
   -0.0001726529
   -0.0002579064
   -0.0003716772
   -0.0005059795
   -0.0003072579
   -0.0002696053
   -0.0002576882
   -0.0002797443
   -0.0003385132
   -0.0004316859
   -0.0003952623
   -0.0004305207
   -0.0003582212
   -0.0003185068
   -0.0002962968
   -0.0002921085
   -0.0003058107
   -0.0003366411
   -0.0003832192
   -0.0004435415
   -0.0004691888
   -0.0003866963
   -0.0003143994
   -0.0002549943
   -0.0002104706
   -0.0001821740
   -0.0001708423
   -0.0001766251
   -0.0001990996
   -0.0002372768
   -0.0002896005
   -0.0003539246
   -0.0004274571
   -0.0005066540
   -0.0004491275
   -0.0003588668
   -0.0002740469
   -0.0001982717
   -0.0001343507
   -0.0000844134
   -0.0000499764
   -0.0000319789
   -0.0000308069
   -0.0000463037
   -0.0000777766
   -0.0001239977
   -0.0001831844
   -0.0002529654
   -0.0003303066
   -0.0004113930
   -0.0004914587
   -0.0004647699
   -0.0003740131
   -0.0002807693
   -0.0001901871
   -0.0001063880
   -0.0000326500
    0.0000284584
    0.0000750016
    0.0001056236
    0.0001195212
    0.0001164290
    0.0000966095
    0.0000608511
    0.0000104772
   -0.0000526388
   -0.0001260290
   -0.0002065680
   -0.0002903770
   -0.0003726963
   -0.0004477591
   -0.0004550136
   -0.0003749989
   -0.0002837239
   -0.0001877826
   -0.0000926496
   -0.0000028157
    0.0000780709
    0.0001470947
    0.0002019913
    0.0002410973
    0.0002633176
    0.0002681084
    0.0002554683
    0.0002259346
    0.0001805864
    0.0001210586
    0.0000495629
   -0.0000310685
   -0.0001173294
   -0.0002049757
   -0.0002889790
   -0.0003635514
   -0.0004223228
   -0.0003860523
   -0.0003104514
   -0.0002203891
   -0.0001224751
   -0.0000225632
    0.0000743339
    0.0001640159
    0.0002430322
    0.0003086219
    0.0003586644
    0.0003916486
    0.0004066525
    0.0004033362
    0.0003819335
    0.0003432542
    0.0002886902
    0.0002202267
    0.0001404638
    0.0000526400
   -0.0000393507
   -0.0001309713
   -0.0002171386
   -0.0002924703
   -0.0003517942
   -0.0003638264
   -0.0003042169
   -0.0002249514
   -0.0001315397
   -0.0000298973
    0.0000742921
    0.0001758934
    0.0002704466
    0.0003541986
    0.0004240925
    0.0004777461
    0.0005134392
    0.0005300978
    0.0005272912
    0.0005052298
    0.0004647649
    0.0004073902
    0.0003352499
    0.0002511350
    0.0001584805
    0.0000613237
   -0.0000358021
   -0.0001280956
   -0.0002109136
   -0.0002804646
   -0.0003347800
   -0.0003093322
   -0.0002422767
   -0.0001583099
   -0.0000609945
    0.0000447493
    0.0001535528
    0.0002601842
    0.0003598718
    0.0004484713
    0.0005225343
    0.0005793383
    0.0006168960
    0.0006339633
    0.0006300402
    0.0006053728
    0.0005609560
    0.0004985250
    0.0004205487
    0.0003301994
    0.0002312896
    0.0001281454
    0.0000253632
   -0.0000726027
   -0.0001620631
   -0.0002409117
   -0.0003094817
   -0.0003114668
   -0.0002405103
   -0.0001567532
   -0.0000601197
    0.0000467395
    0.0001594627
    0.0002728973
    0.0003817910
    0.0004812325
    0.0005669138
    0.0006352762
    0.0006835870
    0.0007099893
    0.0007135228
    0.0006941444
    0.0006527261
    0.0005910448
    0.0005117541
    0.0004183138
    0.0003148681
    0.0002060201
    0.0000964632
   -0.0000095651
   -0.0001089911
   -0.0002006387
   -0.0002856733
   -0.0003673338
   -0.0003509253
   -0.0002684162
   -0.0001797159
   -0.0000816272
    0.0000263217
    0.0001419114
    0.0002609426
    0.0003781377
    0.0004879240
    0.0005850146
    0.0006647853
    0.0007235116
    0.0007585142
    0.0007682421
    0.0007523237
    0.0007115818
    0.0006480128
    0.0005647213
    0.0004657845
    0.0003560124
    0.0002405600
    0.0001243637
    0.0000114340
   -0.0000958352
   -0.0001970120
   -0.0002932255
   -0.0003858052
   -0.0003755664
   -0.0002823081
   -0.0001840697
   -0.0000787837
    0.0000347664
    0.0001555647
    0.0002801552
    0.0004032496
    0.0005186421
    0.0006200679
    0.0007018712
    0.0007594634
    0.0007896295
    0.0007907087
    0.0007626916
    0.0007072314
    0.0006275660
    0.0005283150
    0.0004151164
    0.0002940582
    0.0001709180
    0.0000503503
   -0.0000646601
   -0.0001726317
   -0.0002724669
   -0.0003617648
   -0.0004356840
   -0.0004874581
   -0.0005106358
   -0.0005018265
   -0.0004622758
   -0.0003972792
   -0.0003136944
   -0.0002170691
   -0.0001102439
    0.0000058676
    0.0001302392
    0.0002599996
    0.0003898930
    0.0005128336
    0.0006209958
    0.0007069361
    0.0007645083
    0.0007895075
    0.0007800802
    0.0007369170
    0.0006632241
    0.0005644519
    0.0004477147
    0.0003208952
    0.0001915434
    0.0000659381
   -0.0000511200
   -0.0001554188
   -0.0002418550
   -0.0003037939
   -0.0003344131
   -0.0003294802
   -0.0002894616
   -0.0002191853
   -0.0001252665
   -0.0000134835
    0.0001117373
    0.0002457319
    0.0003817810
    0.0005106485
    0.0006216195
    0.0007042853
    0.0007503118
    0.0007548004
    0.0007171118
    0.0006410786
    0.0005345480
    0.0004081961
    0.0002737711
    0.0001424110
    0.0000239876
   -0.0000721339
   -0.0001363249
   -0.0001600539
   -0.0001392166
   -0.0000762193
    0.0000215131
    0.0001446387
    0.0002828438
    0.0004233235
    0.0005499415
    0.0006451431
    0.0006938399
    0.0006873811
    0.0006262175
    0.0005204148
    0.0003876839
    0.0002495712
    0.0001279291
    0.0000433283
    0.0000130301
    0.0000454906
    0.0001357334
    0.0002667962
    0.0004125130
    0.0005383206
    0.0006072213
    0.0005941584
    0.0005010386
    0.0003617632
    0.0002329679
    0.0001758888
    0.0002285415
    0.0003688796
    0.0004948950
    0.0004658376
    0.0003185404
    0.0003868207
   -0.0004288831
   -0.0003790939
   -0.0003676398
   -0.0003856339
   -0.0004077024
   -0.0003094030
   -0.0002458256
   -0.0002203685
   -0.0002313866
   -0.0002717417
   -0.0003283905
   -0.0004418861
   -0.0003089989
   -0.0001979846
   -0.0001168660
   -0.0000707547
   -0.0000614792
   -0.0000873588
   -0.0001430224
   -0.0002191993
   -0.0003023859
   -0.0004647170
   -0.0003188707
   -0.0001830969
   -0.0000668923
    0.0000222439
    0.0000790937
    0.0001008741
    0.0000873151
    0.0000407259
   -0.0000339387
   -0.0001289623
   -0.0002336623
   -0.0003340094
   -0.0003991389
   -0.0002511249
   -0.0001084592
    0.0000193248
    0.0001245104
    0.0002012958
    0.0002458261
    0.0002562018
    0.0002324714
    0.0001766386
    0.0000926791
   -0.0000134151
   -0.0001335388
   -0.0002572987
   -0.0003716786
   -0.0003239226
   -0.0001749737
   -0.0000283777
    0.0001063661
    0.0002215658
    0.0003112825
    0.0003712682
    0.0003989132
    0.0003932002
    0.0003546764
    0.0002854347
    0.0001891079
    0.0000708838
   -0.0000624622
   -0.0002024923
   -0.0003389570
   -0.0003116700
   -0.0001652076
   -0.0000145556
    0.0001300019
    0.0002601095
    0.0003691517
    0.0004521075
    0.0005054416
    0.0005270222
    0.0005160636
    0.0004730834
    0.0003998757
    0.0002994923
    0.0001762323
    0.0000356354
   -0.0001155153
   -0.0002691716
   -0.0004159588
   -0.0002834928
   -0.0001403008
    0.0000113776
    0.0001606934
    0.0002989015
    0.0004190503
    0.0005157549
    0.0005850403
    0.0006242280
    0.0006318562
    0.0006076244
    0.0005523521
    0.0004679494
    0.0003573941
    0.0002247059
    0.0000749199
   -0.0000859508
   -0.0002509633
   -0.0004122959
   -0.0002963668
   -0.0001623790
   -0.0000128584
    0.0001400875
    0.0002867899
    0.0004195493
    0.0005323122
    0.0006204517
    0.0006806148
    0.0007106155
    0.0007093612
    0.0006767966
    0.0006138693
    0.0005224970
    0.0004055407
    0.0002667709
    0.0001108255
   -0.0000568540
   -0.0002301129
   -0.0004022131
   -0.0002747871
   -0.0001430347
    0.0000060060
    0.0001599340
    0.0003089246
    0.0004451793
    0.0005625599
    0.0006563401
    0.0007230353
    0.0007602841
    0.0007667700
    0.0007421634
    0.0006870759
    0.0006030344
    0.0004924440
    0.0003585621
    0.0002054475
    0.0000378971
   -0.0001386543
   -0.0003182782
   -0.0004947634
   -0.0002680235
   -0.0001376457
    0.0000110590
    0.0001655166
    0.0003158012
    0.0004540442
    0.0005740473
    0.0006710148
    0.0007413827
    0.0007826914
    0.0007935034
    0.0007733440
    0.0007226581
    0.0006427773
    0.0005358889
    0.0004050041
    0.0002539103
    0.0000871101
   -0.0000902837
   -0.0002726926
   -0.0004542919
   -0.0003156814
   -0.0001960208
   -0.0000524334
    0.0001013364
    0.0002544638
    0.0003983620
    0.0005262310
    0.0006327591
    0.0007139165
    0.0007668212
    0.0007896400
    0.0007815233
    0.0007425582
    0.0006737334
    0.0005769083
    0.0004547813
    0.0003108539
    0.0001493685
   -0.0000247728
   -0.0002061408
   -0.0003889673
   -0.0003470833
   -0.0002287016
   -0.0000858648
    0.0000676239
    0.0002208272
    0.0003650289
    0.0004933018
    0.0006002198
    0.0006816610
    0.0007346746
    0.0007573902
    0.0007489511
    0.0007094700
    0.0006399968
    0.0005424873
    0.0004197750
    0.0002755322
    0.0001142157
   -0.0000590203
   -0.0002384458
   -0.0004179357
   -0.0002844125
   -0.0001428992
    0.0000099221
    0.0001629374
    0.0003072099
    0.0004355920
    0.0005424649
    0.0006235569
    0.0006758193
    0.0006973446
    0.0006873009
    0.0006458972
    0.0005743474
    0.0004748477
    0.0003505485
    0.0002055180
    0.0000446931
   -0.0001261966
   -0.0003007379
   -0.0004719749
   -0.0004075928
   -0.0002757382
   -0.0001269817
    0.0000264899
    0.0001747070
    0.0003095784
    0.0004246465
    0.0005149181
    0.0005767434
    0.0006077320
    0.0006066971
    0.0005736114
    0.0005095837
    0.0004168373
    0.0002986865
    0.0001595180
    0.0000047556
   -0.0001591830
   -0.0003249413
   -0.0003918077
   -0.0002462484
   -0.0000937246
    0.0000552351
    0.0001919051
    0.0003092239
    0.0004016832
    0.0004652430
    0.0004972714
    0.0004965027
    0.0004630084
    0.0003981834
    0.0003047317
    0.0001866650
    0.0000492969
   -0.0001007573
   -0.0002555618
   -0.0004058094
   -0.0004075200
   -0.0002572627
   -0.0001069002
    0.0000338688
    0.0001569677
    0.0002559589
    0.0003260380
    0.0003640199
    0.0003683287
    0.0003389964
    0.0002776624
    0.0001875881
    0.0000736812
   -0.0000574695
   -0.0001975154
   -0.0003362110
   -0.0003761090
   -0.0002268553
   -0.0000876836
    0.0000328003
    0.0001276929
    0.0001919324
    0.0002223783
    0.0002178673
    0.0001792632
    0.0001095041
    0.0000136705
   -0.0001009213
   -0.0002245573
   -0.0003448370
   -0.0005193857
   -0.0003706914
   -0.0002315746
   -0.0001115050
   -0.0000182070
    0.0000427400
    0.0000681600
    0.0000574585
    0.0000127701
   -0.0000608937
   -0.0001554652
   -0.0002595420
   -0.0004646870
   -0.0003314836
   -0.0002211872
   -0.0001417441
   -0.0000982220
   -0.0000922915
   -0.0001218420
   -0.0001806359
   -0.0002579339
   -0.0003379673
   -0.0004547414
   -0.0003495873
   -0.0002784786
   -0.0002459462
   -0.0002512004
   -0.0002873027
   -0.0003404086
   -0.0004532001
   -0.0003971721
   -0.0003803459
