    1.4946    0.1970    0.9310    1.0008    0.7353
   31.4946    0.0951    0.4552    0.4755    0.3604
   61.4946    0.0000    0.0000    0.0000    0.0000
   91.4946    0.0951    0.4552    0.4756    0.3604
  121.4946    0.1970    0.9310    1.0008    0.7353
  151.4946    0.1124    0.5117    0.6102    0.3997
  181.4946    0.0250    0.0704    0.1775    0.0454
  211.4946    0.1255    0.5034    0.6082    0.3782
  271.4946    0.1255    0.5034    0.6081    0.3782
  301.4946    0.0250    0.0704    0.1775    0.0454
  331.4946    0.1124    0.5117    0.6102    0.3997
