   -0.0165679921
   -0.0181468188
   -0.0190954052
   -0.0160148862
   -0.0124798804
   -0.0111010560
   -0.0122557728
   -0.0154867789
   -0.0194090087
   -0.0221780204
   -0.0225892846
   -0.0204975267
   -0.0166685154
   -0.0123900582
   -0.0089103792
   -0.0068451761
   -0.0061290150
   -0.0066227720
   -0.0084651912
   -0.0116987545
   -0.0158421109
   -0.0200182239
   -0.0233522510
   -0.0252133104
   -0.0252819645
   -0.0235483757
   -0.0202822692
   -0.0159886218
   -0.0113559370
   -0.0071509807
   -0.0039871941
   -0.0020549630
   -0.0011079744
   -0.0008024253
   -0.0010710931
   -0.0021904822
   -0.0045001519
   -0.0080349914
   -0.0124123220
   -0.0170203288
   -0.0212566781
   -0.0246436312
   -0.0268454344
   -0.0276603029
   -0.0270159313
   -0.0249642732
   -0.0216708562
   -0.0174044850
   -0.0125383518
   -0.0075589193
    0.0044636559
    0.0047200280
    0.0048674012
   -0.0063832167
   -0.0113394676
   -0.0162705314
   -0.0207590560
   -0.0244978416
   -0.0272658338
   -0.0289102717
   -0.0293420889
   -0.0285367179
   -0.0265328737
   -0.0234266539
   -0.0193647539
   -0.0145457094
   -0.0092382922
    0.0102891348
   -0.0106074812
   -0.0158040063
   -0.0204606245
   -0.0243847837
   -0.0274352042
   -0.0295057734
   -0.0305231351
   -0.0304498606
   -0.0292867443
   -0.0270713798
   -0.0238724748
   -0.0197836424
   -0.0149224841
   -0.0094435024
   -0.0079291840
   -0.0135137606
   -0.0185317330
   -0.0228528007
   -0.0263812549
   -0.0290391691
   -0.0307636190
   -0.0315105186
   -0.0312592440
   -0.0300149742
   -0.0278069862
   -0.0246835181
   -0.0207050121
   -0.0159397500
   -0.0104681660
   -0.0070090347
   -0.0128109303
   -0.0179676927
   -0.0224085449
   -0.0260781974
   -0.0289253077
   -0.0309029331
   -0.0319735752
   -0.0321148183
   -0.0313227919
   -0.0296123967
   -0.0270140515
   -0.0235676681
   -0.0193155834
   -0.0142978493
   -0.0085554560
   -0.0063939623
   -0.0123435485
   -0.0175889819
   -0.0221010981
   -0.0258518577
   -0.0288080073
   -0.0309339376
   -0.0321979878
   -0.0325786886
   -0.0320687526
   -0.0306763195
   -0.0284229819
   -0.0253387566
   -0.0214553164
   -0.0167986503
   -0.0113850318
   -0.0108486463
   -0.0163032558
   -0.0210128071
   -0.0249686135
   -0.0281506543
   -0.0305312910
   -0.0320822990
   -0.0327814636
   -0.0326176412
   -0.0315930054
   -0.0297224342
   -0.0270299225
   -0.0235426063
   -0.0192830830
   -0.0142625357
   -0.0084778382
   -0.0070460281
   -0.0129911959
   -0.0181731412
   -0.0226015740
   -0.0262713561
   -0.0291640970
   -0.0312544850
   -0.0325179775
   -0.0329370568
   -0.0325054194
   -0.0312292430
   -0.0291258463
   -0.0262193970
   -0.0225344052
   -0.0180880382
   -0.0128832858
   -0.0069071286
   -0.0060653874
   -0.0121439609
   -0.0174485245
   -0.0219941155
   -0.0257800187
   -0.0287906962
   -0.0310022027
   -0.0323899466
   -0.0329353905
   -0.0326306744
   -0.0314803878
   -0.0295006003
   -0.0267150649
   -0.0231491821
   -0.0188223633
   -0.0137412417
   -0.0078969707
   -0.0071057837
   -0.0130629523
   -0.0182517832
   -0.0226794688
   -0.0263388769
   -0.0292099355
   -0.0312662351
   -0.0324827058
   -0.0328420905
   -0.0323392050
   -0.0309820775
   -0.0287904828
   -0.0257913933
   -0.0220126272
   -0.0174754860
   -0.0121897825
   -0.0061555821
   -0.0090240659
   -0.0147428111
   -0.0197053839
   -0.0239012836
   -0.0273098443
   -0.0299018929
   -0.0316465557
   -0.0325183979
   -0.0325035868
   -0.0316029261
   -0.0298321093
   -0.0272185665
   -0.0237961360
   -0.0195982884
   -0.0146530099
   -0.0089836912
   -0.0105713115
   -0.0160863356
   -0.0208566159
   -0.0248465419
   -0.0280176024
   -0.0303291396
   -0.0317445888
   -0.0322385543
   -0.0318020531
   -0.0304447890
   -0.0281935583
   -0.0250881792
   -0.0211753442
   -0.0165040944
   -0.0111275394
   -0.0104123538
   -0.0159114865
   -0.0206958476
   -0.0246911445
   -0.0278330473
   -0.0300636903
   -0.0313360998
   -0.0316212499
   -0.0309131969
   -0.0292308592
   -0.0266157713
   -0.0231274670
   -0.0188390256
   -0.0138385449
   -0.0082441276
   -0.0069049787
   -0.0126374476
   -0.0178150976
   -0.0222703808
   -0.0258808644
   -0.0285486049
   -0.0301967533
   -0.0307748249
   -0.0302651388
   -0.0286864704
   -0.0260930025
   -0.0225709050
   -0.0182363052
   -0.0132431888
   -0.0078077521
    0.0110555259
   -0.0096529914
   -0.0149942765
   -0.0197969492
   -0.0238141514
   -0.0268628963
   -0.0288073900
   -0.0295590034
   -0.0290831940
   -0.0274052030
   -0.0246108404
   -0.0208451787
   -0.0163166236
   -0.0113152429
   -0.0062404535
    0.0056103376
    0.0053868688
   -0.0051864924
   -0.0101678825
   -0.0152445327
   -0.0198987496
   -0.0237265928
   -0.0264290820
   -0.0278017763
   -0.0277399382
   -0.0262494932
   -0.0234544915
   -0.0196002006
   -0.0150610538
   -0.0103503787
   -0.0060873671
   -0.0028433236
   -0.0008864740
   -0.0000526798
    0.0000525280
   -0.0003330352
   -0.0013522022
   -0.0033952362
   -0.0067012374
   -0.0110483190
   -0.0158092451
   -0.0202307023
   -0.0236479811
   -0.0255708092
   -0.0257224178
   -0.0240765732
   -0.0208867969
   -0.0166959580
   -0.0123053642
   -0.0086114593
   -0.0062398168
   -0.0052616091
   -0.0054510321
   -0.0068211252
   -0.0096219402
   -0.0137119022
   -0.0181916659
   -0.0217645434
   -0.0233077071
   -0.0222852411
   -0.0190258196
   -0.0148001941
   -0.0113895813
   -0.0100406575
   -0.0111240548
   -0.0146283483
   -0.0188940044
   -0.0201864659
   -0.0167351178
   -0.0142146812
   -0.0165679921
    0.0018479713
    0.0023289568
   -0.0007507720
    0.0072926621
    0.0080916350
    0.0071529595
    0.0044671112
    0.0000040110
    0.0109549311
    0.0122721633
    0.0126408287
    0.0120405467
    0.0103963621
    0.0076206085
    0.0036250381
   -0.0016751383
    0.0141423227
    0.0153799195
    0.0161432214
    0.0164102868
    0.0161024857
    0.0151301877
    0.0134073689
    0.0108524899
    0.0073833660
    0.0029098910
   -0.0026722222
    0.0181150960
    0.0186224459
    0.0190836999
    0.0194024638
    0.0194583797
    0.0191397789
    0.0183512157
    0.0170117913
    0.0150503005
    0.0123990686
    0.0089871354
    0.0047324322
   -0.0004667177
    0.0219649483
    0.0217868149
    0.0218351934
    0.0219089523
    0.0218484158
    0.0215300937
    0.0208580211
    0.0197555577
    0.0181584201
    0.0160085987
    0.0132486686
    0.0098157024
    0.0056343791
    0.0006086188
   -0.0053875149
    0.0248179295
    0.0241166361
    0.0238602730
    0.0237770955
    0.0236746255
    0.0234141027
    0.0228929705
    0.0220326168
    0.0207700104
    0.0190512181
    0.0168262956
    0.0140443854
    0.0106486079
    0.0065699728
    0.0017196228
   -0.0040202506
    0.0261986468
    0.0254638603
    0.0251500255
    0.0249922554
    0.0248098509
    0.0244752140
    0.0238948527
    0.0229973770
    0.0217254198
    0.0200297718
    0.0178648046
    0.0151841370
    0.0119362391
    0.0080591029
    0.0034734799
   -0.0019255820
    0.0273763070
    0.0263793153
    0.0259177853
    0.0256891451
    0.0254923962
    0.0251885266
    0.0246774205
    0.0238839350
    0.0227488002
    0.0212224269
    0.0192601485
    0.0168181533
    0.0138494964
    0.0102995302
    0.0061001202
    0.0011624260
   -0.0046323779
    0.0273115442
    0.0264013276
    0.0259736293
    0.0257432348
    0.0255201162
    0.0251722226
    0.0246039243
    0.0237428258
    0.0225312407
    0.0209202047
    0.0188649789
    0.0163208755
    0.0132393140
    0.0095629241
    0.0052195771
    0.0001146187
    0.0274587050
    0.0262213176
    0.0256367081
    0.0253560237
    0.0251499594
    0.0248613115
    0.0243777989
    0.0236156527
    0.0225093324
    0.0210043375
    0.0190520184
    0.0166051096
    0.0136132707
    0.0100183138
    0.0057480592
    0.0007086434
   -0.0052247118
    0.0263768941
    0.0251348131
    0.0245670641
    0.0243140533
    0.0241346702
    0.0238614572
    0.0233737148
    0.0225808128
    0.0214112582
    0.0198051081
    0.0177081981
    0.0150670509
    0.0118238083
    0.0079103278
    0.0032410462
   -0.0022955936
    0.0230984431
    0.0227455272
    0.0226171170
    0.0224892713
    0.0221989770
    0.0216245622
    0.0206717399
    0.0192637906
    0.0173340573
    0.0148195529
    0.0116550024
    0.0077663493
    0.0030632218
   -0.0025690210
    0.0201986096
    0.0202166397
    0.0202878256
    0.0202251907
    0.0198772692
    0.0191225959
    0.0178616233
    0.0160088241
    0.0134854150
    0.0102122622
    0.0061024555
    0.0010541366
   -0.0050540117
    0.0162740271
    0.0168813514
    0.0172793944
    0.0173477221
    0.0169508591
    0.0159622354
    0.0142683326
    0.0117652710
    0.0083527690
    0.0039278867
   -0.0016171939
    0.0118489102
    0.0131432229
    0.0137486992
    0.0136117715
    0.0126092213
    0.0106020975
    0.0074552607
    0.0030453885
   -0.0027223923
    0.0073393684
    0.0091049919
    0.0094386786
    0.0082827199
    0.0054723980
    0.0008596380
   -0.0055493248
    0.0040765037
    0.0039835577
    0.0006297680
   -0.0025165779
    0.0013012435
   -0.0013774433
    0.0035945589
    0.0064766914
    0.0073614310
    0.0063849076
   -0.0050908207
    0.0010936819
    0.0058226734
    0.0091400845
    0.0111627648
    0.0120327932
    0.0118896351
    0.0108242462
   -0.0048578160
    0.0012645047
    0.0061698965
    0.0099521563
    0.0127163136
    0.0145696838
    0.0156238629
    0.0159982141
    0.0158187881
    0.0152040870
    0.0142192771
   -0.0040971040
    0.0018440989
    0.0067147860
    0.0106282029
    0.0136837535
    0.0159700139
    0.0175714684
    0.0185756998
    0.0190803533
    0.0191998860
    0.0190709555
    0.0188527709
    0.0187110135
   -0.0054597436
    0.0006483329
    0.0057457015
    0.0099575871
    0.0133843584
    0.0161080835
    0.0181999646
    0.0197273934
    0.0207603891
    0.0213780534
    0.0216759793
    0.0217754120
    0.0218351054
    0.0220661965
   -0.0043226594
    0.0015399588
    0.0064763929
    0.0106083822
    0.0140297029
    0.0168145103
    0.0190251296
    0.0207182536
    0.0219505873
    0.0227840369
    0.0232917211
    0.0235654980
    0.0237265389
    0.0239412316
    0.0244457924
    0.0255853500
   -0.0021950546
    0.0032908899
    0.0079384684
    0.0118566958
    0.0151284848
    0.0178192316
    0.0199837113
    0.0216716108
    0.0229322712
    0.0238191424
    0.0243949140
    0.0247379242
    0.0249513489
    0.0251771628
    0.0256189230
    0.0265802696
    0.0000005571
    0.0051274673
    0.0094859624
    0.0131716966
    0.0162577004
    0.0188020164
    0.0208539948
    0.0224590136
    0.0236626797
    0.0245149036
    0.0250747500
    0.0254163857
    0.0256379888
    0.0258753487
    0.0263241473
    0.0272787407
   -0.0038549627
    0.0018270366
    0.0066696506
    0.0107874339
    0.0142662989
    0.0171723195
    0.0195589668
    0.0214725145
    0.0229566366
    0.0240562410
    0.0248216376
    0.0253132826
    0.0256083186
    0.0258100629
    0.0260626390
    0.0265757527
    0.0276674611
   -0.0023737129
    0.0030914740
    0.0077404823
    0.0116803198
    0.0149915131
    0.0177367859
    0.0199677661
    0.0217303909
    0.0230692192
    0.0240316324
    0.0246721850
    0.0250581246
    0.0252768197
    0.0254470245
    0.0257363963
    0.0263908470
    0.0277849487
   -0.0017414413
    0.0036458707
    0.0082045994
    0.0120400654
    0.0152320345
    0.0178433822
    0.0199269154
    0.0215309822
    0.0227041762
    0.0235000011
    0.0239820252
    0.0242304984
    0.0243515468
    0.0244907267
    0.0248538280
    0.0257393609
   -0.0022726545
    0.0032242704
    0.0078368979
    0.0116753245
    0.0148236487
    0.0173488549
    0.0193084027
    0.0207564442
    0.0217491831
    0.0223506057
    0.0226385337
    0.0227123938
    0.0227032329
    0.0227864275
    0.0231957479
   -0.0046970818
    0.0012342723
    0.0061620029
    0.0102085226
    0.0134689277
    0.0160197777
    0.0179274692
    0.0192556900
    0.0200719979
    0.0204540308
    0.0204957201
    0.0203125197
    0.0200432710
    0.0198390748
   -0.0037403820
    0.0020683003
    0.0067916406
    0.0105426980
    0.0134148638
    0.0154890330
    0.0168419611
    0.0175535997
    0.0177122011
    0.0174148591
    0.0167564864
    0.0157913262
   -0.0010196056
    0.0042385383
    0.0082861964
    0.0112188994
    0.0131275944
    0.0141020719
    0.0142316373
    0.0135918792
    0.0121987969
   -0.0049744159
    0.0010852175
    0.0055588721
    0.0084841610
    0.0099332658
    0.0099755030
    0.0086170629
    0.0001148987
    0.0039903253
    0.0052231388
    0.0036268637
   -0.0017816436
   -0.0115199611
   -0.0126588205
   -0.0133468017
   -0.0112028739
   -0.0086944990
   -0.0077084404
   -0.0085833159
   -0.0109105459
   -0.0136735712
   -0.0156217943
   -0.0159411248
   -0.0145310400
   -0.0119078194
   -0.0089308883
   -0.0064314092
   -0.0048734924
   -0.0043232952
   -0.0047342621
   -0.0061252789
   -0.0084319485
   -0.0113162857
   -0.0142191513
   -0.0165659720
   -0.0179245048
   -0.0180666471
   -0.0169746389
   -0.0148225305
   -0.0119444396
   -0.0087884197
   -0.0058370560
   -0.0034808017
   -0.0018947400
   -0.0010297809
   -0.0007527792
   -0.0010167254
   -0.0019111060
   -0.0035579385
   -0.0059533444
   -0.0088942644
   -0.0120341598
   -0.0149937446
   -0.0174428539
   -0.0191346173
   -0.0199124817
   -0.0197089860
   -0.0185420634
   -0.0165093990
   -0.0137821516
   -0.0105997161
   -0.0072615790
   -0.0041018127
    0.0018495861
    0.0025688685
    0.0029011608
    0.0029528031
    0.0026880214
   -0.0043138879
   -0.0075043059
   -0.0108326409
   -0.0140172058
   -0.0168211179
   -0.0190614389
   -0.0206061001
   -0.0213697484
   -0.0213117123
   -0.0204346588
   -0.0187826243
   -0.0164386803
   -0.0135238999
   -0.0101997943
   -0.0066727609
    0.0065598888
    0.0067161432
   -0.0052095002
   -0.0087510542
   -0.0121862818
   -0.0153255163
   -0.0180228535
   -0.0201683669
   -0.0216814637
   -0.0225075337
   -0.0226172124
   -0.0220061808
   -0.0206945286
   -0.0187252681
   -0.0161629915
   -0.0130944596
   -0.0096327924
   -0.0059257728
   -0.0073721995
   -0.0109997454
   -0.0143331981
   -0.0172620002
   -0.0197029220
   -0.0215923871
   -0.0228827960
   -0.0235417258
   -0.0235523982
   -0.0229140358
   -0.0216414816
   -0.0197639635
   -0.0173237329
   -0.0143755941
   -0.0109891919
   -0.0072554017
   -0.0088590601
   -0.0124527915
   -0.0156735278
   -0.0184545206
   -0.0207441651
   -0.0225013813
   -0.0236942400
   -0.0243004097
   -0.0243081887
   -0.0237169713
   -0.0225371644
   -0.0207890281
   -0.0185013103
   -0.0157099536
   -0.0124585685
   -0.0088017789
   -0.0079231451
   -0.0116515679
   -0.0149983702
   -0.0179154611
   -0.0203651437
   -0.0223159201
   -0.0237415461
   -0.0246216592
   -0.0249429748
   -0.0247003527
   -0.0238970644
   -0.0225443702
   -0.0206602684
   -0.0182679235
   -0.0153944041
   -0.0120706816
   -0.0083343100
   -0.0068864376
   -0.0107487086
   -0.0142199491
   -0.0172657696
   -0.0198588524
   -0.0219751677
   -0.0235931850
   -0.0246947592
   -0.0252664340
   -0.0253007812
   -0.0247971371
   -0.0237615328
   -0.0222059237
   -0.0201467636
   -0.0176033966
   -0.0145967035
   -0.0111491087
   -0.0072871119
   -0.0084826161
   -0.0122136271
   -0.0155274779
   -0.0184034122
   -0.0208227903
   -0.0227675436
   -0.0242208123
   -0.0251682200
   -0.0255994943
   -0.0255096750
   -0.0248995883
   -0.0237757728
   -0.0221495083
   -0.0200354299
   -0.0174497636
   -0.0144088857
   -0.0109290545
   -0.0070283668
   -0.0075443820
   -0.0113854010
   -0.0148061052
   -0.0177912625
   -0.0203265505
   -0.0223970155
   -0.0239876713
   -0.0250848758
   -0.0256780748
   -0.0257610821
   -0.0253329520
   -0.0243980236
   -0.0229653192
   -0.0210472994
   -0.0186581849
   -0.0158122850
   -0.0125228729
   -0.0088027165
   -0.0069467134
   -0.0108575312
   -0.0143451405
   -0.0173970722
   -0.0200012132
   -0.0221442429
   -0.0238121259
   -0.0249916655
   -0.0256721586
   -0.0258469040
   -0.0255140907
   -0.0246770876
   -0.0233439299
   -0.0215262085
   -0.0192375322
   -0.0164917048
   -0.0133015333
   -0.0096786752
   -0.0056362071
   -0.0056048884
   -0.0096525320
   -0.0132802180
   -0.0164743168
   -0.0192227384
   -0.0215123773
   -0.0233291439
   -0.0246592623
   -0.0254909772
   -0.0258162742
   -0.0256318353
   -0.0249396230
   -0.0237466334
   -0.0220638789
   -0.0199050659
   -0.0172847878
   -0.0142171766
   -0.0107155614
   -0.0067942691
   -0.0066220964
   -0.0105675771
   -0.0140919573
   -0.0171787016
   -0.0198129114
   -0.0219792620
   -0.0236621426
   -0.0248471765
   -0.0255229029
   -0.0256823234
   -0.0253237918
   -0.0244513480
   -0.0230742537
   -0.0212058024
   -0.0188618164
   -0.0160591438
   -0.0128147592
   -0.0091466509
   -0.0087581359
   -0.0124776958
   -0.0157698614
   -0.0186130186
   -0.0209874818
   -0.0228742960
   -0.0242559773
   -0.0251181005
   -0.0254509355
   -0.0252506604
   -0.0245199270
   -0.0232676191
   -0.0215079179
   -0.0192589034
   -0.0165411505
   -0.0133770496
   -0.0097919274
   -0.0058184199
   -0.0068374619
   -0.0107314756
   -0.0142229933
   -0.0172756683
   -0.0198602854
   -0.0219511152
   -0.0235252371
   -0.0245636929
   -0.0250529848
   -0.0249865982
   -0.0243657634
   -0.0231994732
   -0.0215037377
   -0.0193003303
   -0.0166155980
   -0.0134802550
   -0.0099312651
   -0.0060175572
   -0.0075853085
   -0.0113765435
   -0.0147741261
   -0.0177257705
   -0.0201901835
   -0.0221328754
   -0.0235252890
   -0.0243456486
   -0.0245806453
   -0.0242265824
   -0.0232899888
   -0.0217872591
   -0.0197436914
   -0.0171925674
   -0.0141750981
   -0.0107428874
   -0.0069641230
   -0.0094206852
   -0.0129952489
   -0.0161605703
   -0.0188478668
   -0.0210029541
   -0.0225826991
   -0.0235546783
   -0.0238983602
   -0.0236065807
   -0.0226863230
   -0.0211586948
   -0.0190582500
   -0.0164325095
   -0.0133433524
   -0.0098713837
   -0.0061247922
   -0.0069605897
   -0.0106666986
   -0.0140619675
   -0.0170245914
   -0.0194614812
   -0.0213009530
   -0.0224896446
   -0.0229927861
   -0.0227956068
   -0.0219046454
   -0.0203481144
   -0.0181758284
   -0.0154596949
   -0.0122967291
   -0.0088158105
    0.0080477386
    0.0079320687
   -0.0060824418
   -0.0096991482
   -0.0131158145
   -0.0161414074
   -0.0186274031
   -0.0204611899
   -0.0215623473
   -0.0218826988
   -0.0214082145
   -0.0201607668
   -0.0181991972
   -0.0156204320
   -0.0125626838
   -0.0092112296
   -0.0058019618
    0.0042509073
    0.0042055356
    0.0039519018
   -0.0048514304
   -0.0082302247
   -0.0116350205
   -0.0147674290
   -0.0173775497
   -0.0192724555
   -0.0203172848
   -0.0204377621
   -0.0196245395
   -0.0179372267
   -0.0155072704
   -0.0125405646
   -0.0093173846
   -0.0061769153
   -0.0034642555
   -0.0014355094
   -0.0001698208
    0.0004284392
    0.0005139892
    0.0001535567
   -0.0007367833
   -0.0023163896
   -0.0046578677
   -0.0076246547
   -0.0108804475
   -0.0139967164
   -0.0165622826
   -0.0182479588
   -0.0188387342
   -0.0182549787
   -0.0165692045
   -0.0140153541
   -0.0109832548
   -0.0079753029
   -0.0054890071
   -0.0038439528
   -0.0030979813
   -0.0031786593
   -0.0040935089
   -0.0059344237
   -0.0086323711
   -0.0117583196
   -0.0146086179
   -0.0164633184
   -0.0168199486
   -0.0155560198
   -0.0130263894
   -0.0100417859
   -0.0076034598
   -0.0064287475
   -0.0067831999
   -0.0087126945
   -0.0117215887
   -0.0142335913
   -0.0143638963
   -0.0118356633
   -0.0094059644
   -0.0109929467
   -0.0115199611
    0.0005886238
   -0.0017240995
    0.0042929058
    0.0047174681
    0.0039034869
    0.0018832511
   -0.0013053625
    0.0068619228
    0.0078213287
    0.0080538273
    0.0075815312
    0.0063780183
    0.0044038940
    0.0016255515
   -0.0019711932
    0.0099676735
    0.0106545565
    0.0109310830
    0.0107927991
    0.0102028594
    0.0091143835
    0.0074802701
    0.0052565495
    0.0024033206
   -0.0011134628
   -0.0053154656
    0.0128119676
    0.0131963459
    0.0133892076
    0.0133599463
    0.0130602590
    0.0124389363
    0.0114476599
    0.0100422987
    0.0081820732
    0.0058279760
    0.0029411340
   -0.0005180863
   -0.0045884490
    0.0154590517
    0.0154859520
    0.0155240705
    0.0155226819
    0.0154176907
    0.0151464664
    0.0146529579
    0.0138884896
    0.0128108245
    0.0113823040
    0.0095679458
    0.0073333784
    0.0046427701
    0.0014570222
   -0.0022672338
    0.0179879920
    0.0176244969
    0.0174170114
    0.0172691594
    0.0170952336
    0.0168231284
    0.0163933911
    0.0157569999
    0.0148728802
    0.0137056103
    0.0122233422
    0.0103958334
    0.0081925008
    0.0055805611
    0.0025230627
   -0.0010227859
   -0.0051063991
    0.0194420381
    0.0189960814
    0.0187127204
    0.0184843939
    0.0182264738
    0.0178723001
    0.0173687993
    0.0166729250
    0.0157487982
    0.0145653864
    0.0130945251
    0.0113092289
    0.0091818931
    0.0066826250
    0.0037774257
    0.0004262776
   -0.0034184014
    0.0215462526
    0.0206312836
    0.0200705645
    0.0197093949
    0.0194314385
    0.0191485983
    0.0187932350
    0.0183124285
    0.0176638988
    0.0168127925
    0.0157293545
    0.0143869979
    0.0127606757
    0.0108252908
    0.0085541939
    0.0059175167
    0.0028804116
   -0.0005988413
   -0.0045703964
    0.0221596379
    0.0212333695
    0.0206572572
    0.0202755578
    0.0199740181
    0.0196674055
    0.0192908478
    0.0187939266
    0.0181363247
    0.0172849090
    0.0162113415
    0.0148902794
    0.0132978383
    0.0114101294
    0.0092018170
    0.0066446058
    0.0037055146
    0.0003450270
   -0.0034846293
    0.0223186695
    0.0214267154
    0.0208655316
    0.0204839966
    0.0201720896
    0.0198479618
    0.0194494045
    0.0189279786
    0.0182449128
    0.0173681440
    0.0162701402
    0.0149261336
    0.0133125894
    0.0114058769
    0.0091807779
    0.0066090145
    0.0036575543
    0.0002867932
   -0.0035512160
    0.0222656048
    0.0213632130
    0.0207946564
    0.0204071706
    0.0200895348
    0.0197590691
    0.0193528647
    0.0188219248
    0.0181269770
    0.0172354904
    0.0161194900
    0.0147537296
    0.0131141587
    0.0111765415
    0.0089149916
    0.0063003874
    0.0032987205
   -0.0001307678
   -0.0040372432
    0.0222277321
    0.0211839651
    0.0205345728
    0.0201092243
    0.0197834500
    0.0194647355
    0.0190828575
    0.0185833459
    0.0179227604
    0.0170654010
    0.0159808085
    0.0146417572
    0.0130226442
    0.0110979160
    0.0088405553
    0.0062204874
    0.0032028069
   -0.0002539653
   -0.0041994510
    0.0211705513
    0.0202469767
    0.0196758412
    0.0192984953
    0.0189957500
    0.0186771469
    0.0182729792
    0.0177284172
    0.0169992093
    0.0160484751
    0.0148442769
    0.0133575665
    0.0115604253
    0.0094244272
    0.0069188834
    0.0040091616
    0.0006548875
   -0.0031914343
    0.0194122220
    0.0187553651
    0.0183501101
    0.0180642977
    0.0177930752
    0.0174537216
    0.0169804695
    0.0163201883
    0.0154288319
    0.0142686417
    0.0128058531
    0.0110085654
    0.0088449467
    0.0062813486
    0.0032804887
   -0.0001999593
   -0.0042079756
    0.0172632432
    0.0169059511
    0.0166830906
    0.0164919114
    0.0162420729
    0.0158574740
    0.0152746989
    0.0144405348
    0.0133093427
    0.0118405775
    0.0099966044
    0.0077405542
    0.0050344856
    0.0018378383
   -0.0018930355
    0.0146555831
    0.0146609126
    0.0146647655
    0.0146087953
    0.0144197503
    0.0140255484
    0.0133607735
    0.0123675306
    0.0109944045
    0.0091946669
    0.0069243140
    0.0041405692
    0.0008012859
   -0.0031328804
    0.0118543894
    0.0121921424
    0.0122962876
    0.0121221527
    0.0116062974
    0.0106822982
    0.0092870933
    0.0073627887
    0.0048569747
    0.0017239130
   -0.0020706237
    0.0092067474
    0.0095847936
    0.0094591503
    0.0087797516
    0.0074758523
    0.0054759540
    0.0027199540
   -0.0008273993
    0.0059367726
    0.0065013868
    0.0061423605
    0.0048088089
    0.0024261766
   -0.0010361424
    0.0029563585
    0.0024024053
   -0.0000392800
   -0.0000297264
   -0.0024393795
    0.0011522154
    0.0034035300
    0.0042797778
    0.0038255589
   -0.0013698881
    0.0021836165
    0.0048292969
    0.0065885920
    0.0075248253
    0.0077092669
    0.0071845442
   -0.0025877828
    0.0012643042
    0.0043977265
    0.0068352357
    0.0086227877
    0.0098188060
    0.0104889804
    0.0107006167
    0.0105116197
    0.0099470836
   -0.0047206422
   -0.0005567452
    0.0029726085
    0.0058952758
    0.0082507958
    0.0100838267
    0.0114426197
    0.0123795831
    0.0129522084
    0.0132233559
    0.0132591822
    0.0131215866
    0.0128495684
   -0.0057596601
   -0.0014941806
    0.0021794270
    0.0053000543
    0.0079092632
    0.0100479484
    0.0117561896
    0.0130745229
    0.0140458400
    0.0147174815
    0.0151432954
    0.0153856084
    0.0155163215
    0.0156155452
    0.0157643620
   -0.0032857977
    0.0006127661
    0.0039793008
    0.0068590348
    0.0092930944
    0.0113187693
    0.0129709715
    0.0142840075
    0.0152934466
    0.0160383069
    0.0165631964
    0.0169209419
    0.0171756071
    0.0174057233
    0.0177073865
    0.0181954559
   -0.0033760154
    0.0005046744
    0.0038799221
    0.0067968839
    0.0092963657
    0.0114138958
    0.0131813960
    0.0146288966
    0.0157863226
    0.0166853222
    0.0173611225
    0.0178547522
    0.0182158225
    0.0185059020
    0.0188030562
    0.0192077436
    0.0198498819
   -0.0030510530
    0.0007626315
    0.0040945944
    0.0069919794
    0.0094944926
    0.0116360009
    0.0134462927
    0.0149527388
    0.0161819510
    0.0171614171
    0.0179210851
    0.0184952897
    0.0189250271
    0.0192609080
    0.0195671379
    0.0199271373
    0.0204513056
    0.0212880175
   -0.0033784008
    0.0004553159
    0.0038162139
    0.0067520198
    0.0093024931
    0.0115010384
    0.0133765278
    0.0149549837
    0.0162611495
    0.0173199226
    0.0181578887
    0.0188049159
    0.0192961128
    0.0196742573
    0.0199932120
    0.0203225018
    0.0207540135
    0.0214118856
    0.0224669488
   -0.0052987369
   -0.0012462312
    0.0023153150
    0.0054376935
    0.0081638605
    0.0105294770
    0.0125646921
    0.0142959240
    0.0157474934
    0.0169429892
    0.0179067238
    0.0186651536
    0.0192485304
    0.0196929976
    0.0200430752
    0.0203554553
    0.0207039925
    0.0211872904
    0.0219398101
   -0.0054107255
   -0.0013489889
    0.0022208551
    0.0053508468
    0.0080840528
    0.0104561727
    0.0124973430
    0.0142339166
    0.0156900697
    0.0168892404
    0.0178555362
    0.0186151703
    0.0191981173
    0.0196400822
    0.0199851130
    0.0202891718
    0.0206250517
    0.0210896873
    0.0218147786
   -0.0044393785
   -0.0004888204
    0.0029768243
    0.0060075014
    0.0086445856
    0.0109225567
    0.0128708191
    0.0145154943
    0.0158810126
    0.0169915778
    0.0178726688
    0.0185526125
    0.0190643566
    0.0194477640
    0.0197525756
    0.0200424439
    0.0204005931
    0.0209378785
    0.0218040977
   -0.0031795144
    0.0006295648
    0.0039575785
    0.0068518527
    0.0093518456
    0.0114908556
    0.0132979445
    0.0147996294
    0.0160216365
    0.0169904258
    0.0177348580
    0.0182880113
    0.0186894234
    0.0189877560
    0.0192444410
    0.0195384379
    0.0199724168
    0.0206806036
   -0.0024232758
    0.0013064911
    0.0045449321
    0.0073377584
    0.0097236801
    0.0117361103
    0.0134050058
    0.0147587589
    0.0158260377
    0.0166374816
    0.0172277494
    0.0176376426
    0.0179166063
    0.0181258571
    0.0183418374
    0.0186597083
    0.0191953877
   -0.0030587892
    0.0007739746
    0.0040788988
    0.0069018619
    0.0092829877
    0.0112577517
    0.0128589001
    0.0141183951
    0.0150694283
    0.0157484916
    0.0161974805
    0.0164657327
    0.0166121255
    0.0167062012
    0.0168268860
    0.0170550796
   -0.0021424257
    0.0015794549
    0.0047422311
    0.0073884490
    0.0095575356
    0.0112866454
    0.0126124351
    0.0135730593
    0.0142103007
    0.0145711626
    0.0147086395
    0.0146804616
    0.0145429504
    0.0143347957
   -0.0052548883
   -0.0010570893
    0.0024942323
    0.0054326422
    0.0077967012
    0.0096263829
    0.0109631819
    0.0118512738
    0.0123382572
    0.0124741015
    0.0123055227
    0.0118612523
    0.0111207159
   -0.0013860202
    0.0021822261
    0.0050253562
    0.0071731146
    0.0086656540
    0.0095489894
    0.0098702246
    0.0096666881
    0.0089410789
   -0.0011383884
    0.0022592237
    0.0047156114
    0.0062385891
    0.0068552741
    0.0065801815
    0.0053635308
   -0.0026335242
    0.0008935742
    0.0029543203
    0.0034099438
   -0.0010236196
   -0.0082927008
   -0.0091368102
   -0.0096486596
   -0.0080998799
   -0.0062617551
   -0.0055354229
   -0.0062048952
   -0.0079292720
   -0.0099440039
   -0.0113619674
   -0.0116096385
   -0.0106153127
   -0.0087420298
   -0.0065900330
   -0.0047425739
   -0.0035550618
   -0.0031293892
   -0.0034577563
   -0.0045200846
   -0.0062232229
   -0.0083143052
   -0.0104108261
   -0.0121173628
   -0.0131283449
   -0.0132773084
   -0.0125462825
   -0.0110539837
   -0.0090315318
   -0.0067852735
   -0.0046399523
   -0.0028630468
   -0.0015998338
   -0.0008674885
   -0.0006204038
   -0.0008336909
   -0.0015344983
   -0.0027598030
   -0.0044828259
   -0.0065718624
   -0.0088090962
   -0.0109450805
   -0.0127497911
   -0.0140423603
   -0.0147026128
   -0.0146733644
   -0.0139587791
   -0.0126207221
   -0.0107738830
   -0.0085795890
   -0.0062358671
   -0.0039580937
   -0.0019456393
   -0.0003396575
    0.0008074546
    0.0015277839
    0.0018950613
    0.0019667899
    0.0017447459
    0.0011746493
   -0.0031422278
   -0.0053275824
   -0.0076574626
   -0.0099502783
   -0.0120375850
   -0.0137791273
   -0.0150677453
   -0.0158296551
   -0.0160235539
   -0.0156395591
   -0.0146980394
   -0.0132482705
   -0.0113672614
   -0.0091591658
   -0.0067544226
   -0.0043059867
    0.0042860561
    0.0045425188
    0.0046231674
   -0.0053919067
   -0.0078363252
   -0.0101848001
   -0.0123165615
   -0.0141337723
   -0.0155607850
   -0.0165423607
   -0.0170423238
   -0.0170428054
   -0.0165437910
   -0.0155625265
   -0.0141329671
   -0.0123055053
   -0.0101474039
   -0.0077442463
   -0.0052014936
    0.0071813226
    0.0072660478
   -0.0053823318
   -0.0079178666
   -0.0103172986
   -0.0124914317
   -0.0143693626
   -0.0158958335
   -0.0170289882
   -0.0177390715
   -0.0180078648
   -0.0178285123
   -0.0172053033
   -0.0161533782
   -0.0146983034
   -0.0128759996
   -0.0107333067
   -0.0083295795
   -0.0057393891
   -0.0064046647
   -0.0089566340
   -0.0113136213
   -0.0134149315
   -0.0152129295
   -0.0166702713
   -0.0177581944
   -0.0184557358
   -0.0187496031
   -0.0186341094
   -0.0181112498
   -0.0171904399
   -0.0158881823
   -0.0142278268
   -0.0122396021
   -0.0099615665
   -0.0074414999
   -0.0070963314
   -0.0096446699
   -0.0119684079
   -0.0140248413
   -0.0157803218
   -0.0172080146
   -0.0182867216
   -0.0190005337
   -0.0193388678
   -0.0192966304
   -0.0188742797
   -0.0180777378
   -0.0169181044
   -0.0154112576
   -0.0135777109
   -0.0114428166
   -0.0090378348
   -0.0064021378
   -0.0061289512
   -0.0087826280
   -0.0112157531
   -0.0133929297
   -0.0152863530
   -0.0168735358
   -0.0181360955
   -0.0190593397
   -0.0196323373
   -0.0198481684
   -0.0197041130
   -0.0192017710
   -0.0183468763
   -0.0171490300
   -0.0156212643
   -0.0137798342
   -0.0116442393
   -0.0092380889
   -0.0065908033
   -0.0077071101
   -0.0102577814
   -0.0125606743
   -0.0145921970
   -0.0163332005
   -0.0177676420
   -0.0188820784
   -0.0196657424
   -0.0201107970
   -0.0202126524
   -0.0199701758
   -0.0193857035
   -0.0184649050
   -0.0172164032
   -0.0156513903
   -0.0137833186
   -0.0116278701
   -0.0092035928
   -0.0065334528
   -0.0052531881
   -0.0080214825
   -0.0105587190
   -0.0128416774
   -0.0148521812
   -0.0165750893
   -0.0179973500
   -0.0191077561
   -0.0198970787
   -0.0203584517
   -0.0204876842
   -0.0202835604
   -0.0197478176
   -0.0188850891
   -0.0177024962
   -0.0162093225
   -0.0144165534
   -0.0123367261
   -0.0099842059
   -0.0073761540
   -0.0060140443
   -0.0087365636
   -0.0112156428
   -0.0134335528
   -0.0153760237
   -0.0170307557
   -0.0183868092
   -0.0194346160
   -0.0201663078
   -0.0205760609
   -0.0206604639
   -0.0204187754
   -0.0198529565
   -0.0189674646
   -0.0177689946
   -0.0162660246
   -0.0144683946
   -0.0123871190
   -0.0100345009
   -0.0074250795
   -0.0061893534
   -0.0089054380
   -0.0113735005
   -0.0135783105
   -0.0155073659
   -0.0171497024
   -0.0184953572
   -0.0195355331
   -0.0202628524
   -0.0206718572
   -0.0207593435
   -0.0205246038
   -0.0199694590
   -0.0190981308
   -0.0179169332
   -0.0164338132
   -0.0146579849
   -0.0125996241
   -0.0102699687
   -0.0076820604
   -0.0076023704
   -0.0101974844
   -0.0125350785
   -0.0146021745
   -0.0163876021
   -0.0178812510
   -0.0190739608
   -0.0199577631
   -0.0205263356
   -0.0207753613
   -0.0207029255
   -0.0203095713
   -0.0195983726
   -0.0185745754
   -0.0172453607
   -0.0156192999
   -0.0137060623
   -0.0115162661
   -0.0090618809
   -0.0063573820
   -0.0065284607
   -0.0092195398
   -0.0116587108
   -0.0138312330
   -0.0157248745
   -0.0173287590
   -0.0186330253
   -0.0196289863
   -0.0203094717
   -0.0206693285
   -0.0207057119
   -0.0204183639
   -0.0198096124
   -0.0188842213
   -0.0176490690
   -0.0161127204
   -0.0142850782
   -0.0121771922
   -0.0098015106
   -0.0071729062
   -0.0075464487
   -0.0101436345
   -0.0124833538
   -0.0145501133
   -0.0163308400
   -0.0178139341
   -0.0189891314
   -0.0198476941
   -0.0203828448
   -0.0205901910
   -0.0204680038
   -0.0200173943
   -0.0192422328
   -0.0181489042
   -0.0167459977
   -0.0150438471
   -0.0130543637
   -0.0107911496
   -0.0082702943
   -0.0055121302
   -0.0069085912
   -0.0095551329
   -0.0119503442
   -0.0140744515
   -0.0159112128
   -0.0174466848
   -0.0186687515
   -0.0195672618
   -0.0201343346
   -0.0203648271
   -0.0202566374
   -0.0198108821
   -0.0190318397
   -0.0179267314
   -0.0165054342
   -0.0147800580
   -0.0127649582
   -0.0104769584
   -0.0079365036
   -0.0063338797
   -0.0090149075
   -0.0114540858
   -0.0136249934
   -0.0155064707
   -0.0170808334
   -0.0183331630
   -0.0192511797
   -0.0198255293
   -0.0200502034
   -0.0199228708
   -0.0194450255
   -0.0186219828
   -0.0174626523
   -0.0159792488
   -0.0141871000
   -0.0121047187
   -0.0097545716
   -0.0071647682
   -0.0074737945
   -0.0100395600
   -0.0123549303
   -0.0143887454
   -0.0161158546
   -0.0175155829
   -0.0185711114
   -0.0192694902
   -0.0196019923
   -0.0195644202
   -0.0191573889
   -0.0183863781
   -0.0172615781
   -0.0157976852
   -0.0140137768
   -0.0119336485
   -0.0095868261
   -0.0070107129
   -0.0064163083
   -0.0090392203
   -0.0114351067
   -0.0135586404
   -0.0153738907
   -0.0168519681
   -0.0179698410
   -0.0187100900
   -0.0190610372
   -0.0190171483
   -0.0185792746
   -0.0177547772
   -0.0165574230
   -0.0150073266
   -0.0131310716
   -0.0109625778
   -0.0085447741
   -0.0059325297
   -0.0072931360
   -0.0098120860
   -0.0120938129
   -0.0140821499
   -0.0157325102
   -0.0170097901
   -0.0178874097
   -0.0183471509
   -0.0183794421
   -0.0179837129
   -0.0171686493
   -0.0159521744
   -0.0143616434
   -0.0124342852
   -0.0102185052
   -0.0077762005
   -0.0051858018
    0.0086142294
   -0.0060715669
   -0.0086230825
   -0.0109851123
   -0.0130730398
   -0.0148193369
   -0.0161712244
   -0.0170892798
   -0.0175470574
   -0.0175313528
   -0.0170426727
   -0.0160956065
   -0.0147191269
   -0.0129571290
   -0.0108695757
   -0.0085344733
   -0.0060501488
    0.0060205626
    0.0059655871
   -0.0039912880
   -0.0065147840
   -0.0089806023
   -0.0112546393
   -0.0132243329
   -0.0147996018
   -0.0159120710
   -0.0165146020
   -0.0165816817
   -0.0161102332
   -0.0151204436
   -0.0136565491
   -0.0117877695
   -0.0096096404
   -0.0072449730
   -0.0048416796
    0.0032744375
    0.0033757409
    0.0032541547
    0.0028935298
   -0.0022868702
   -0.0045410944
   -0.0069509406
   -0.0093291437
   -0.0114952697
   -0.0132936175
   -0.0146010863
   -0.0153305730
   -0.0154333437
   -0.0149014972
   -0.0137701546
   -0.0121190617
   -0.0100733047
   -0.0078013180
   -0.0055054402
   -0.0033975762
   -0.0016581527
   -0.0003921853
    0.0003886285
    0.0007373297
    0.0007096843
    0.0003105827
   -0.0005124334
   -0.0018208136
   -0.0036129149
   -0.0057783419
   -0.0081070204
   -0.0103384357
   -0.0122159050
   -0.0135250160
   -0.0141162784
   -0.0139192955
   -0.0129528582
   -0.0113308557
   -0.0092609778
   -0.0070283371
   -0.0049503970
   -0.0033000203
   -0.0022315110
   -0.0017741347
   -0.0019096751
   -0.0026522822
   -0.0040296447
   -0.0059704070
   -0.0082168627
   -0.0103569699
   -0.0119444183
   -0.0126244387
   -0.0122281815
   -0.0108345511
   -0.0087896888
   -0.0066461180
   -0.0049825631
   -0.0041859545
   -0.0044121357
   -0.0056839967
   -0.0077610394
   -0.0098821018
   -0.0109553531
   -0.0102561478
   -0.0081944294
   -0.0064690438
   -0.0069309442
   -0.0091983090
   -0.0082927008
   -0.0001355523
    0.0026792300
    0.0028907867
    0.0021937808
    0.0006383450
   -0.0017075417
    0.0045414115
    0.0052459566
    0.0053841650
    0.0049884124
    0.0040568061
    0.0025776637
    0.0005466376
   -0.0020191601
    0.0067250590
    0.0073381268
    0.0075935854
    0.0075171149
    0.0071023185
    0.0063284191
    0.0051708147
    0.0036069765
    0.0016201019
   -0.0007971185
   -0.0036364144
    0.0092260917
    0.0094963739
    0.0095687163
    0.0094382798
    0.0090846386
    0.0084815245
    0.0076019141
    0.0064204260
    0.0049142734
    0.0030636894
    0.0008527087
   -0.0017291068
    0.0111788731
    0.0113017636
    0.0113349153
    0.0112679174
    0.0110767125
    0.0107325212
    0.0102064219
    0.0094713019
    0.0085024316
    0.0072774433
    0.0057759228
    0.0039790120
    0.0018692933
   -0.0005688106
   -0.0033475418
    0.0131365980
    0.0130236139
    0.0129127656
    0.0127755717
    0.0125781373
    0.0122866606
    0.0118698954
    0.0112998605
    0.0105517444
    0.0096034918
    0.0084351737
    0.0070283069
    0.0053652927
    0.0034289156
    0.0012020863
   -0.0013318960
   -0.0041882252
    0.0148196936
    0.0145046735
    0.0142626811
    0.0140493750
    0.0138220473
    0.0135422991
    0.0131765738
    0.0126959383
    0.0120754404
    0.0112933112
    0.0103302453
    0.0091686823
    0.0077920612
    0.0061842988
    0.0043291618
    0.0022098871
   -0.0001909784
   -0.0028912856
    0.0158798764
    0.0154895271
    0.0151890298
    0.0149258389
    0.0146549401
    0.0143384143
    0.0139444176
    0.0134461015
    0.0128206035
    0.0120480944
    0.0111110186
    0.0099933419
    0.0086798978
    0.0071558124
    0.0054059595
    0.0034144460
    0.0011642842
   -0.0013627701
   -0.0041857965
    0.0169222790
    0.0164185820
    0.0160437049
    0.0157373122
    0.0154496858
    0.0151400373
    0.0147748112
    0.0143261907
    0.0137707981
    0.0130886579
    0.0122623407
    0.0112761690
    0.0101156246
    0.0087666929
    0.0072153945
    0.0054472127
    0.0034466529
    0.0011968248
   -0.0013206930
   -0.0041257362
    0.0177365405
    0.0171301508
    0.0166868667
    0.0163391200
    0.0160325135
    0.0157232395
    0.0153757244
    0.0149608401
    0.0144543791
    0.0138358681
    0.0130876590
    0.0121940935
    0.0111408707
    0.0099144660
    0.0085015611
    0.0068885812
    0.0050611791
    0.0030037939
    0.0006992941
   -0.0018712237
   -0.0047281939
    0.0185923453
    0.0178147176
    0.0172576162
    0.0168411204
    0.0165018462
    0.0161893579
    0.0158632175
    0.0154907005
    0.0150449574
    0.0145035960
    0.0138475811
    0.0130603697
    0.0121271423
    0.0110342388
    0.0097685305
    0.0083170050
    0.0066661836
    0.0048017298
    0.0027079721
    0.0003675426
   -0.0022387571
   -0.0051317076
    0.0180388005
    0.0174369455
    0.0169913526
    0.0166351174
    0.0163153001
    0.0159896227
    0.0156239907
    0.0151905360
    0.0146661016
    0.0140311005
    0.0132685645
    0.0123633935
    0.0113017180
    0.0100703434
    0.0086562586
    0.0070461006
    0.0052257281
    0.0031797402
    0.0008911354
   -0.0016589163
   -0.0044908977
    0.0179242593
    0.0173172096
    0.0168681811
    0.0165095311
    0.0161875963
    0.0158594551
    0.0154904422
    0.0150521978
    0.0145211305
    0.0138772357
    0.0131031982
    0.0121835795
    0.0111041854
    0.0098514907
    0.0084121276
    0.0067723970
    0.0049177605
    0.0028324535
    0.0004991013
   -0.0021013826
   -0.0049894726
    0.0176577493
    0.0170337496
    0.0165755841
    0.0162137553
    0.0158924982
    0.0155669519
    0.0152007219
    0.0147639308
    0.0142317183
    0.0135830024
    0.0127994991
    0.0118649352
    0.0107643723
    0.0094835716
    0.0080085083
    0.0063248053
    0.0044173031
    0.0022696123
   -0.0001361113
   -0.0028191388
    0.0167403108
    0.0162266639
    0.0158385307
    0.0155139836
    0.0152022806
    0.0148618449
    0.0144584394
    0.0139635964
    0.0133532515
    0.0126066948
    0.0117056786
    0.0106336483
    0.0093750628
    0.0079148421
    0.0062377819
    0.0043281002
    0.0021690509
   -0.0002572638
   -0.0029696625
    0.0160065513
    0.0155038408
    0.0151288481
    0.0148207358
    0.0145271742
    0.0142039525
    0.0138139810
    0.0133260130
    0.0127134719
    0.0119534303
    0.0110256440
    0.0099117904
    0.0085947630
    0.0070580263
    0.0052850794
    0.0032590612
    0.0009625009
   -0.0016224856
   -0.0045132046
    0.0144843793
    0.0141575288
    0.0138911646
    0.0136359791
    0.0133468285
    0.0129839769
    0.0125129499
    0.0119039319
    0.0111309740
    0.0101710808
    0.0090035305
    0.0076090703
    0.0059693569
    0.0040664959
    0.0018828029
   -0.0005989455
   -0.0033943270
    0.0128882850
    0.0127192703
    0.0125539238
    0.0123555266
    0.0120844557
    0.0117025917
    0.0111750899
    0.0104707988
    0.0095619326
    0.0084235563
    0.0070330340
    0.0053694521
    0.0034133766
    0.0011470206
   -0.0014447177
   -0.0043716346
    0.0109073365
    0.0109681639
    0.0109435275
    0.0108161379
    0.0105550951
    0.0101251034
    0.0094910460
    0.0086200494
    0.0074821991
    0.0060506292
    0.0043015810
    0.0022148705
   -0.0002247488
   -0.0030242331
    0.0087692645
    0.0090260221
    0.0090749639
    0.0089083238
    0.0084987565
    0.0078112881
    0.0068099686
    0.0054614596
    0.0037372680
    0.0016161557
   -0.0009117824
   -0.0038374428
    0.0066013370
    0.0069723594
    0.0069737583
    0.0065995644
    0.0058195414
    0.0045961992
    0.0028962980
    0.0007006689
   -0.0019830533
    0.0046038703
    0.0046866469
    0.0041379974
    0.0029318936
    0.0010431128
   -0.0015116494
    0.0021988269
    0.0015227222
   -0.0003198962
    0.0000673604
    0.0018244272
    0.0026108090
   -0.0021809966
    0.0004815373
    0.0025595816
    0.0040243444
    0.0048924020
    0.0051949891
    0.0049496000
   -0.0037841870
   -0.0008664612
    0.0016147917
    0.0036330958
    0.0051938141
    0.0063205206
    0.0070466644
    0.0074085136
    0.0074363476
    0.0071405450
   -0.0035061984
   -0.0006441684
    0.0018331447
    0.0039220730
    0.0056342080
    0.0069903690
    0.0080174483
    0.0087467988
    0.0092127410
    0.0094502658
    0.0094906057
    0.0093527273
   -0.0033181135
   -0.0004997527
    0.0019685367
    0.0040940913
    0.0058916367
    0.0073802787
    0.0085821598
    0.0095221214
    0.0102278357
    0.0107299172
    0.0110618563
    0.0112590814
    0.0113564093
    0.0113825194
   -0.0049594577
   -0.0019838917
    0.0006614722
    0.0029862760
    0.0050053246
    0.0067358594
    0.0081964656
    0.0094068835
    0.0103882284
    0.0111635184
    0.0117582932
    0.0122012338
    0.0125247384
    0.0127651485
    0.0129621795
    0.0131568265
    0.0133860683
   -0.0038571553
   -0.0010226438
    0.0015007761
    0.0037288170
    0.0056786283
    0.0073676574
    0.0088133627
    0.0100334008
    0.0110460400
    0.0118707798
    0.0125290088
    0.0130447500
    0.0134455480
    0.0137633323
    0.0140352619
    0.0143043817
    0.0146195424
    0.0150336062
   -0.0044471592
   -0.0015721597
    0.0010007894
    0.0032894026
    0.0053116291
    0.0070848115
    0.0086255745
    0.0099500472
    0.0110743117
    0.0120149101
    0.0127894614
    0.0134173462
    0.0139204915
    0.0143242188
    0.0146583481
    0.0149583692
    0.0152667547
    0.0156343672
    0.0161213438
   -0.0048900196
   -0.0019891266
    0.0006157963
    0.0029439160
    0.0050138208
    0.0068429330
    0.0084474821
    0.0098427713
    0.0110436250
    0.0120648659
    0.0129218670
    0.0136311510
    0.0142110573
    0.0146825131
    0.0150699878
    0.0154025559
    0.0157153399
    0.0160511661
    0.0164625684
    0.0170140085
   -0.0032658139
   -0.0005420250
    0.0019030446
    0.0040889029
    0.0060336071
    0.0077536712
    0.0092643017
    0.0105798074
    0.0117140530
    0.0126809368
    0.0134949734
    0.0141718086
    0.0147288886
    0.0151862393
    0.0155673568
    0.0159003545
    0.0162194354
    0.0165666799
    0.0169943942
    0.0175679878
   -0.0034866124
   -0.0007499050
    0.0017106711
    0.0039149844
    0.0058812194
    0.0076258633
    0.0091639195
    0.0105093764
    0.0116755941
    0.0126758312
    0.0135237157
    0.0142338281
    0.0148222200
    0.0153071991
    0.0157100745
    0.0160562744
    0.0163765738
    0.0167088655
    0.0171003133
    0.0176101737
    0.0183133492
   -0.0034734968
   -0.0007429151
    0.0017132290
    0.0039149108
    0.0058803069
    0.0076257991
    0.0091662760
    0.0105155400
    0.0116867283
    0.0126928458
    0.0135472066
    0.0142639982
    0.0148588298
    0.0153494368
    0.0157564502
    0.0161044123
    0.0164230598
    0.0167489173
    0.0171274632
    0.0176158149
    0.0182862323
   -0.0040373422
   -0.0012510533
    0.0012558371
    0.0035036037
    0.0055107724
    0.0072940655
    0.0088686324
    0.0102484727
    0.0114468641
    0.0124768597
    0.0133517716
    0.0140857251
    0.0146941942
    0.0151946901
    0.0156075393
    0.0159568399
    0.0162717304
    0.0165878484
    0.0169494041
    0.0174116798
    0.0180441070
   -0.0030788897
   -0.0003838243
    0.0020352279
    0.0041978641
    0.0061220159
    0.0078239419
    0.0093185044
    0.0106196673
    0.0117409148
    0.0126957478
    0.0134982823
    0.0141637445
    0.0147091471
    0.0151540263
    0.0155213275
    0.0158384798
    0.0161388133
    0.0164631561
    0.0168619892
    0.0173978067
   -0.0043075605
   -0.0014795683
    0.0010576546
    0.0033238845
    0.0053376712
    0.0071160291
    0.0086746281
    0.0100281705
    0.0111908569
    0.0121769167
    0.0130011632
    0.0136795728
    0.0142299760
    0.0146727949
    0.0150319597
    0.0153359390
    0.0156190190
    0.0159227396
    0.0162974621
    0.0168037833
   -0.0027739433
   -0.0000918468
    0.0023005558
    0.0044219285
    0.0062899429
    0.0079211208
    0.0093311404
    0.0105352043
    0.0115486038
    0.0123873324
    0.0130686725
    0.0136119187
    0.0140391775
    0.0143762015
    0.0146533659
    0.0149066714
    0.0151785894
    0.0155184493
    0.0159815274
   -0.0023301288
    0.0003159321
    0.0026617397
    0.0047249478
    0.0065229244
    0.0080724731
    0.0093900808
    0.0104923327
    0.0113965088
    0.0121212506
    0.0126872274
    0.0131178770
    0.0134401604
    0.0136851781
    0.0138885150
    0.0140898817
    0.0143311154
   -0.0039988072
   -0.0011525222
    0.0013666697
    0.0035734702
    0.0054844401
    0.0071168000
    0.0084881474
    0.0096167000
    0.0105218081
    0.0112245466
    0.0117483185
    0.0121194237
    0.0123672264
    0.0125237924
    0.0126221822
    0.0126922084
   -0.0031316555
   -0.0003663242
    0.0020506634
    0.0041309470
    0.0058900729
    0.0073458584
    0.0085179179
    0.0094278157
    0.0100993052
    0.0105585352
    0.0108337388
    0.0109537247
    0.0109443688
    0.0108212108
    0.0105760065
   -0.0040333797
   -0.0011393921
    0.0013699195
    0.0034956829
    0.0052489521
    0.0066467808
    0.0077104196
    0.0084643903
    0.0089354912
    0.0091505948
    0.0091320239
    0.0088884682
    0.0083990926
   -0.0022623450
    0.0003983570
    0.0026074967
    0.0043621746
    0.0056739727
    0.0065630096
    0.0070530388
    0.0071645694
    0.0069028983
    0.0062383749
   -0.0025527751
    0.0001308993
    0.0022412844
    0.0037472475
    0.0046457806
    0.0049420719
    0.0046254835
   -0.0010449043
    0.0010854736
    0.0022624043
    0.0023949901
   -0.0061516414
   -0.0067923428
   -0.0071819057
   -0.0060284087
   -0.0046446249
   -0.0040958925
   -0.0046152503
   -0.0059243054
   -0.0074358390
   -0.0084975534
   -0.0086912999
   -0.0079644987
   -0.0065813139
   -0.0049768342
   -0.0035771232
   -0.0026587577
   -0.0023257788
   -0.0025862736
   -0.0034092734
   -0.0047009286
   -0.0062656213
   -0.0078277808
   -0.0091040069
   -0.0098718223
   -0.0100072208
   -0.0094942434
   -0.0084172557
   -0.0069420484
   -0.0052867633
   -0.0036810871
   -0.0023178675
   -0.0013149771
   -0.0007106636
   -0.0004965474
   -0.0006614599
   -0.0012104859
   -0.0021467460
   -0.0034351790
   -0.0049801228
   -0.0066329029
   -0.0082210935
   -0.0095803790
   -0.0105768458
   -0.0111182035
   -0.0111576554
   -0.0106936485
   -0.0097674780
   -0.0084593398
   -0.0068825945
   -0.0051750063
   -0.0034845909
   -0.0019490999
   -0.0006726829
    0.0002907412
    0.0009370835
    0.0012925410
    0.0013847000
    0.0012201226
    0.0007801670
    0.0000362773
   -0.0010243658
   -0.0023771005
   -0.0039529792
   -0.0056481539
   -0.0073421915
   -0.0089162199
   -0.0102654652
   -0.0113058774
   -0.0119766281
   -0.0122406128
   -0.0120841582
   -0.0115162488
   -0.0105675987
   -0.0092895820
   -0.0077529027
   -0.0060457413
   -0.0042700097
   -0.0025342457
    0.0028540179
    0.0031702542
    0.0032991111
    0.0032548975
   -0.0036230174
   -0.0053886314
   -0.0071375266
   -0.0087800860
   -0.0102381852
   -0.0114477220
   -0.0123591682
   -0.0129372817
   -0.0131606698
   -0.0130214516
   -0.0125248080
   -0.0116886920
   -0.0105434337
   -0.0091315813
   -0.0075078991
   -0.0057391715
   -0.0039031617
    0.0051777416
    0.0052303507
   -0.0046531586
   -0.0064717949
   -0.0082040289
   -0.0097864170
   -0.0111662191
   -0.0123010937
   -0.0131584830
   -0.0137149509
   -0.0139557983
   -0.0138748572
   -0.0134742295
   -0.0127641489
   -0.0117628176
   -0.0104963632
   -0.0089990581
   -0.0073137691
   -0.0054925692
   -0.0035969842
    0.0071149698
   -0.0040601228
   -0.0059434818
   -0.0077438049
   -0.0094087894
   -0.0108950588
   -0.0121674114
   -0.0131978715
   -0.0139649618
   -0.0144532916
   -0.0146532625
   -0.0145610184
   -0.0141782829
   -0.0135122981
   -0.0125757307
   -0.0113865979
   -0.0099684662
   -0.0083508943
   -0.0065701660
   -0.0046702856
   -0.0044046330
   -0.0063176494
   -0.0081240438
   -0.0097836200
   -0.0112635160
   -0.0125370999
   -0.0135829834
   -0.0143844525
   -0.0149290556
   -0.0152084798
   -0.0152184767
   -0.0149588551
   -0.0144334113
   -0.0136498290
   -0.0126196270
   -0.0113581550
   -0.0098848025
   -0.0082234727
   -0.0064034190
   -0.0044603448
   -0.0046282485
   -0.0065632282
   -0.0083765852
   -0.0100367649
   -0.0115181541
   -0.0127999485
   -0.0138652641
   -0.0147006264
   -0.0152956953
   -0.0156431779
   -0.0157388315
   -0.0155814381
   -0.0151728389
   -0.0145178254
   -0.0136240784
   -0.0125020749
   -0.0111651434
   -0.0096297065
   -0.0079157329
   -0.0060476459
   -0.0056553154
   -0.0075526062
   -0.0093062132
   -0.0108931596
   -0.0122947800
   -0.0134957973
   -0.0144836802
   -0.0152483494
   -0.0157820844
   -0.0160794617
   -0.0161374476
   -0.0159554167
   -0.0155351376
   -0.0148806997
   -0.0139984536
   -0.0128968716
   -0.0115866154
   -0.0100805834
   -0.0083943669
   -0.0065468847
   -0.0064898137
   -0.0083437497
   -0.0100414761
   -0.0115656577
   -0.0129020853
   -0.0140389702
   -0.0149665480
   -0.0156768798
   -0.0161638807
   -0.0164233324
   -0.0164529399
   -0.0162524265
   -0.0158234560
   -0.0151696205
   -0.0142963399
   -0.0132107397
   -0.0119216018
   -0.0104394970
   -0.0087769759
   -0.0069491911
   -0.0049747858
   -0.0062263771
   -0.0081121332
   -0.0098421889
   -0.0114014740
   -0.0127775881
   -0.0139601931
   -0.0149405486
   -0.0157114147
   -0.0162670395
   -0.0166031793
   -0.0167172513
   -0.0166083437
   -0.0162772511
   -0.0157264677
   -0.0149600262
   -0.0139834826
   -0.0128037457
   -0.0114291022
   -0.0098692923
   -0.0081358646
   -0.0062427668
   -0.0059329425
   -0.0078495514
   -0.0096109616
   -0.0112036219
   -0.0126164276
   -0.0138400106
   -0.0148663690
   -0.0156887742
   -0.0163017065
   -0.0167009579
   -0.0168837289
   -0.0168487174
   -0.0165961598
   -0.0161277747
   -0.0154467592
   -0.0145576259
   -0.0134661361
   -0.0121791993
   -0.0107048797
   -0.0090526097
   -0.0072335851
   -0.0052615173
   -0.0047327281
   -0.0067409098
   -0.0086009810
   -0.0102990206
   -0.0118237794
   -0.0131658585
   -0.0143172287
   -0.0152709589
   -0.0160212136
   -0.0165632557
   -0.0168935889
   -0.0170100076
   -0.0169117424
   -0.0165994336
   -0.0160751027
   -0.0153421162
   -0.0144050236
   -0.0132694933
   -0.0119422006
   -0.0104308933
   -0.0087445635
   -0.0068939231
   -0.0048921652
   -0.0058638416
   -0.0077953786
   -0.0095696809
   -0.0111750986
   -0.0126020257
   -0.0138422719
   -0.0148887601
   -0.0157353961
   -0.0163770916
   -0.0168099038
   -0.0170310627
   -0.0170391537
   -0.0168341238
   -0.0164172686
   -0.0157912543
   -0.0149599245
   -0.0139282574
   -0.0127022352
   -0.0112888313
   -0.0096960771
   -0.0079333804
   -0.0060120965
   -0.0064382362
   -0.0083265807
   -0.0100535744
   -0.0116082919
   -0.0129816183
   -0.0141657333
   -0.0151538694
   -0.0159402282
   -0.0165200548
   -0.0168897189
   -0.0170468907
   -0.0169905266
   -0.0167210227
   -0.0162401062
   -0.0155508463
   -0.0146574895
   -0.0135653928
   -0.0122809435
   -0.0108115243
   -0.0091657109
   -0.0073536437
   -0.0053877229
   -0.0056724031
   -0.0076179490
   -0.0094069828
   -0.0110271404
   -0.0124682516
   -0.0137216731
   -0.0147799673
   -0.0156367392
   -0.0162866680
   -0.0167256052
   -0.0169506776
   -0.0169603962
   -0.0167547114
   -0.0163350135
   -0.0157040996
   -0.0148660852
   -0.0138262793
   -0.0125911216
   -0.0111681637
   -0.0095662123
   -0.0077956673
   -0.0058691618
   -0.0067191976
   -0.0085799328
   -0.0102771649
   -0.0117987145
   -0.0131344192
   -0.0142756098
   -0.0152148755
   -0.0159460189
   -0.0164640726
   -0.0167654587
   -0.0168480542
   -0.0167112832
   -0.0163561528
   -0.0157852404
   -0.0150025611
   -0.0140135475
   -0.0128249135
   -0.0114447027
   -0.0098823420
   -0.0081490470
   -0.0062584151
   -0.0047577794
   -0.0067557383
   -0.0086069875
   -0.0102944423
   -0.0118042472
   -0.0131249010
   -0.0142466734
   -0.0151613743
   -0.0158622206
   -0.0163439298
   -0.0166028179
   -0.0166368726
   -0.0164458635
   -0.0160313431
   -0.0153965906
   -0.0145465937
   -0.0134879317
   -0.0122287272
   -0.0107787573
   -0.0091496818
   -0.0073555334
   -0.0054136149
   -0.0049160415
   -0.0068918430
   -0.0087223723
   -0.0103878265
   -0.0118721352
   -0.0131619831
   -0.0142462346
   -0.0151156613
   -0.0157628010
   -0.0161820598
   -0.0163697661
   -0.0163242697
   -0.0160460328
   -0.0155375925
   -0.0148035606
   -0.0138505325
   -0.0126870742
   -0.0113237578
   -0.0097733745
   -0.0080514244
   -0.0061768955
   -0.0062482523
   -0.0081159884
   -0.0098257227
   -0.0113567019
   -0.0126918769
   -0.0138171871
   -0.0147210550
   -0.0153942682
   -0.0158299346
   -0.0160235673
   -0.0159731852
   -0.0156793542
   -0.0151452373
   -0.0143765625
   -0.0133815505
   -0.0121709907
   -0.0107583395
   -0.0091601098
   -0.0073965006
   -0.0054924259
   -0.0058153516
   -0.0076963572
   -0.0094267831
   -0.0109798765
   -0.0123337648
   -0.0134705387
   -0.0143756909
   -0.0150378586
   -0.0154487354
   -0.0156031892
   -0.0154992933
   -0.0151384268
   -0.0145252852
   -0.0136678814
   -0.0125775938
   -0.0112692669
   -0.0097615280
   -0.0080774323
   -0.0062453711
   -0.0045923692
   -0.0065230065
   -0.0083298678
   -0.0099751143
   -0.0114276985
   -0.0126622756
   -0.0136584046
   -0.0144000788
   -0.0148755448
   -0.0150772783
   -0.0150020988
   -0.0146512495
   -0.0140304472
   -0.0131499551
   -0.0120246445
   -0.0106742741
   -0.0091239430
   -0.0074048733
   -0.0055554495
   -0.0054158179
   -0.0072703430
   -0.0089881293
   -0.0105249704
   -0.0118445587
   -0.0129175914
   -0.0137211978
   -0.0142386207
   -0.0144591220
   -0.0143781383
   -0.0139973559
   -0.0133248280
   -0.0123751546
   -0.0111696223
   -0.0097366946
   -0.0081126244
   -0.0063423457
   -0.0044802059
    0.0065470812
   -0.0051796894
   -0.0070126187
   -0.0087196483
   -0.0102423705
   -0.0115324118
   -0.0125510822
   -0.0132689315
   -0.0136655526
   -0.0137297074
   -0.0134594572
   -0.0128624454
   -0.0119561027
   -0.0107679649
   -0.0093361498
   -0.0077099310
   -0.0059502623
   -0.0041293785
    0.0046753683
    0.0046410940
    0.0044752137
   -0.0028017215
   -0.0046227470
   -0.0064371060
   -0.0081542638
   -0.0096931409
   -0.0109852405
   -0.0119757256
   -0.0126238505
   -0.0129032375
   -0.0128022942
   -0.0123247594
   -0.0114901170
   -0.0103341020
   -0.0089090736
   -0.0072841527
   -0.0055443782
   -0.0037873673
   -0.0021158634
    0.0025919307
    0.0027533012
    0.0027149662
    0.0024768022
    0.0020122528
   -0.0026208159
   -0.0043433148
   -0.0061148844
   -0.0078159025
   -0.0093328105
   -0.0105673917
   -0.0114419409
   -0.0119020971
   -0.0119188497
   -0.0114901074
   -0.0106419123
   -0.0094292104
   -0.0079355749
   -0.0062709067
   -0.0045647983
   -0.0029529430
   -0.0015564917
   -0.0004598512
    0.0003018326
    0.0007357868
    0.0008666158
    0.0007075245
    0.0002460139
   -0.0005454875
   -0.0016793905
   -0.0031211490
   -0.0047755005
   -0.0064972245
   -0.0081175901
   -0.0094725059
   -0.0104239417
   -0.0108740662
   -0.0107744572
   -0.0101322792
   -0.0090137224
   -0.0075430851
   -0.0058941267
   -0.0042683500
   -0.0028578391
   -0.0018033686
   -0.0011729003
   -0.0009795366
   -0.0012238402
   -0.0019164692
   -0.0030513571
   -0.0045496911
   -0.0062278820
   -0.0078213262
   -0.0090474869
   -0.0096735720
   -0.0095700876
   -0.0087470741
   -0.0073699827
   -0.0057419742
   -0.0042341510
   -0.0031718217
   -0.0027498704
   -0.0030461354
   -0.0040532990
   -0.0055960583
   -0.0072224000
   -0.0082925425
   -0.0082846701
   -0.0071507291
   -0.0055163607
   -0.0044517289
   -0.0048212342
   -0.0064779434
   -0.0068911579
   -0.0061516414
    0.0018462980
    0.0012558208
    0.0000380478
   -0.0017290560
    0.0036653058
    0.0037438302
    0.0034073877
    0.0026655615
    0.0015219600
   -0.0000125029
   -0.0019077416
    0.0052283197
    0.0054570126
    0.0054110674
    0.0050977676
    0.0045113408
    0.0036413210
    0.0024781613
    0.0010173978
   -0.0007364729
   -0.0027651008
    0.0065677965
    0.0068932324
    0.0070252040
    0.0069804879
    0.0067585134
    0.0063493560
    0.0057391581
    0.0049134220
    0.0038590441
    0.0025656387
    0.0010267740
   -0.0007583795
   -0.0027824703
    0.0082483963
    0.0084131772
    0.0084628325
    0.0084045634
    0.0082326555
    0.0079346822
    0.0074954709
    0.0068993489
    0.0061314251
    0.0051782131
    0.0040279536
    0.0026709620
    0.0011000209
   -0.0006887453
   -0.0026943172
    0.0098289566
    0.0098238023
    0.0097665751
    0.0096528229
    0.0094702829
    0.0092032078
    0.0088349332
    0.0083492148
    0.0077309092
    0.0069662126
    0.0060426682
    0.0049491488
    0.0036757809
    0.0022140351
    0.0005569734
   -0.0013000992
   -0.0033584287
    0.0111160070
    0.0109698290
    0.0108110238
    0.0106230264
    0.0103874411
    0.0100859612
    0.0097013581
    0.0092178369
    0.0086211386
    0.0078984326
    0.0070381154
    0.0060296657
    0.0048634349
    0.0035305234
    0.0020228237
    0.0003331224
   -0.0015443924
   -0.0036132089
    0.0122765208
    0.0120343521
    0.0118155236
    0.0115985512
    0.0113619715
    0.0110855934
    0.0107510648
    0.0103419363
    0.0098435896
    0.0092430153
    0.0085285501
    0.0076896507
    0.0067166216
    0.0056004297
    0.0043325281
    0.0029047303
    0.0013092594
   -0.0004611155
   -0.0024125875
   -0.0045494520
    0.0134330738
    0.0130727598
    0.0127759469
    0.0125161782
    0.0122681895
    0.0120089317
    0.0117178713
    0.0113769348
    0.0109702851
    0.0104840233
    0.0099058616
    0.0092248489
    0.0084310666
    0.0075153791
    0.0064692080
    0.0052843424
    0.0039527839
    0.0024666491
    0.0008182031
   -0.0009999970
   -0.0029946649
    0.0139432722
    0.0135661141
    0.0132539035
    0.0129774911
    0.0127110178
    0.0124319332
    0.0121206894
    0.0117603950
    0.0113363909
    0.0108358819
    0.0102475727
    0.0095613736
    0.0087680961
    0.0078592290
    0.0068267027
    0.0056627031
    0.0043595226
    0.0029094271
    0.0013046489
   -0.0004625718
   -0.0023996942
   -0.0045133279
    0.0147903943
    0.0143086290
    0.0139246255
    0.0136043972
    0.0133182684
    0.0130407056
    0.0127498535
    0.0124270184
    0.0120561729
    0.0116234543
    0.0111167941
    0.0105255407
    0.0098401520
    0.0090519189
    0.0081527345
    0.0071348703
    0.0059907980
    0.0047130339
    0.0032940102
    0.0017259982
    0.0000011494
   -0.0018883462
   -0.0039498547
    0.0152756898
    0.0147379624
    0.0143137418
    0.0139660871
    0.0136632845
    0.0133783614
    0.0130884552
    0.0127741319
    0.0124188426
    0.0120083790
    0.0115303997
    0.0109741031
    0.0103298368
    0.0095888770
    0.0087431376
    0.0077849717
    0.0067069743
    0.0055018176
    0.0041621107
    0.0026802778
    0.0010485370
   -0.0007410511
   -0.0026963470
    0.0149709220
    0.0145211583
    0.0141556597
    0.0138413897
    0.0135504016
    0.0132591299
    0.0129476413
    0.0125989916
    0.0121986804
    0.0117341702
    0.0111944949
    0.0105699073
    0.0098516112
    0.0090314781
    0.0081018691
    0.0070554023
    0.0058848175
    0.0045827764
    0.0031417920
    0.0015541525
   -0.0001880682
   -0.0020928473
   -0.0041677858
    0.0151909466
    0.0146923602
    0.0142937710
    0.0139595887
    0.0136597053
    0.0133687145
    0.0130651873
    0.0127309521
    0.0123505006
    0.0119104819
    0.0113992742
    0.0108066165
    0.0101232913
    0.0093408895
    0.0084515324
    0.0074477020
    0.0063220550
    0.0050672529
    0.0036758357
    0.0021401458
    0.0004523220
   -0.0013955938
   -0.0034113537
    0.0150437721
    0.0145477112
    0.0141508076
    0.0138175823
    0.0135178391
    0.0132260013
    0.0129204130
    0.0125826890
    0.0121970951
    0.0117500628
    0.0112297749
    0.0106257725
    0.0099286639
    0.0091298464
    0.0082212940
    0.0071953068
    0.0060443787
    0.0047610185
    0.0033376380
    0.0017664869
    0.0000396763
   -0.0018506257
   -0.0039117910
    0.0147139757
    0.0142338311
    0.0138482147
    0.0135225220
    0.0132269029
    0.0129358121
    0.0126274495
    0.0122832203
    0.0118871215
    0.0114253242
    0.0108857218
    0.0102575869
    0.0095312606
    0.0086978652
    0.0077490887
    0.0066769950
    0.0054737915
    0.0041317624
    0.0026431286
    0.0010000525
   -0.0008052346
   -0.0027801224
    0.0139002558
    0.0135095530
    0.0131830892
    0.0128904753
    0.0126051204
    0.0123039895
    0.0119672083
    0.0115776201
    0.0111202995
    0.0105821924
    0.0099517400
    0.0092185298
    0.0083730612
    0.0074064745
    0.0063103494
    0.0050765284
    0.0036970061
    0.0021638483
    0.0004692848
   -0.0013940908
   -0.0034327734
    0.0132656496
    0.0129073824
    0.0126041654
    0.0123274637
    0.0120513200
    0.0117526251
    0.0114110822
    0.0110089279
    0.0105305792
    0.0099623185
    0.0092919158
    0.0085083598
    0.0076015734
    0.0065621659
    0.0053812735
    0.0040503937
    0.0025613446
    0.0009063326
   -0.0009217858
   -0.0029288970
    0.0124737500
    0.0121641802
    0.0118965296
    0.0116463369
    0.0113891386
    0.0111019834
    0.0107639757
    0.0103563918
    0.0098626052
    0.0092677961
    0.0085587226
    0.0077234545
    0.0067510820
    0.0056315780
    0.0043555994
    0.0029144571
    0.0013002328
   -0.0004939235
   -0.0024730444
    0.0113169755
    0.0111103337
    0.0109118364
    0.0107037265
    0.0104651327
    0.0101747901
    0.0098123491
    0.0093590179
    0.0087977380
    0.0081131224
    0.0072913406
    0.0063199007
    0.0051875255
    0.0038840987
    0.0024006709
    0.0007298396
   -0.0011336635
   -0.0031916517
    0.0099450815
    0.0098780162
    0.0097726307
    0.0096216095
    0.0094095976
    0.0091177194
    0.0087262844
    0.0082161759
    0.0075695710
    0.0067702461
    0.0058036275
    0.0046568889
    0.0033190280
    0.0017812240
    0.0000375428
   -0.0019137051
   -0.0040676304
    0.0083514324
    0.0084414638
    0.0084299126
    0.0083184989
    0.0080965942
    0.0077473346
    0.0072515192
    0.0065898455
    0.0057442254
    0.0046985899
    0.0034394781
    0.0019568163
    0.0002451640
   -0.0016942171
    0.0068471957
    0.0069595312
    0.0068994593
    0.0066635439
    0.0062374537
    0.0056022097
    0.0047382099
    0.0036280055
    0.0022585499
    0.0006236741
   -0.0012723335
    0.0051393177
    0.0053564812
    0.0052960202
    0.0049595322
    0.0043336012
    0.0033998698
    0.0021429255
    0.0005573977
   -0.0013437790
    0.0035285351
    0.0036194082
    0.0032691970
    0.0024732262
    0.0012230578
   -0.0004702463
    0.0015589848
    0.0006084755
   -0.0010613944
   -0.0003996141
    0.0009801200
    0.0016578282
   -0.0003022905
    0.0013289136
    0.0025297434
    0.0032909509
    0.0036203818
    0.0035215121
   -0.0017041356
    0.0002312775
    0.0018631547
    0.0031743635
    0.0041671704
    0.0048549738
    0.0052555244
    0.0053837984
    0.0052429600
   -0.0021802109
   -0.0001868068
    0.0015559233
    0.0030376380
    0.0042602540
    0.0052337376
    0.0059734042
    0.0064977276
    0.0068260370
    0.0069753867
    0.0069556790
    0.0067624971
   -0.0031530845
   -0.0010718342
    0.0007905873
    0.0024265247
    0.0038370510
    0.0050290528
    0.0060135091
    0.0068044359
    0.0074182706
    0.0078732439
    0.0081885253
    0.0083828237
    0.0084718349
    0.0084640759
   -0.0038868802
   -0.0017554429
    0.0001741431
    0.0018977664
    0.0034175250
    0.0047395330
    0.0058726777
    0.0068279214
    0.0076180381
    0.0082574706
    0.0087623282
    0.0091502852
    0.0094402866
    0.0096519056
    0.0098039010
    0.0099116597
    0.0099827238
   -0.0034788237
   -0.0013999603
    0.0004856624
    0.0021793120
    0.0036858569
    0.0050124326
    0.0061676922
    0.0071615039
    0.0080048551
    0.0087098938
    0.0092900924
    0.0097604019
    0.0101374410
    0.0104395547
    0.0106866863
    0.0108999403
    0.0111003830
    0.0113068049
   -0.0031493015
   -0.0011135979
    0.0007369043
    0.0024064613
    0.0039014059
    0.0052293309
    0.0063986363
    0.0074183751
    0.0082982593
    0.0090487791
    0.0096813896
    0.0102087452
    0.0106449519
    0.0110058436
    0.0113092594
    0.0115751642
    0.0118257241
    0.0120848798
    0.0123773761
   -0.0039658539
   -0.0018734046
    0.0000385265
    0.0017749038
    0.0033423526
    0.0047483742
    0.0060009470
    0.0071083671
    0.0080792561
    0.0089226683
    0.0096482321
    0.0102664001
    0.0107886515
    0.0112278262
    0.0115984198
    0.0119169220
    0.0122021923
    0.0124757387
    0.0127619709
    0.0130881061
    0.0134835457
   -0.0026372280
   -0.0006677406
    0.0011291951
    0.0027605043
    0.0042337514
    0.0055567756
    0.0067374942
    0.0077839357
    0.0087042877
    0.0095070771
    0.0102013207
    0.0107967688
    0.0113041528
    0.0117354733
    0.0121043402
    0.0124263486
    0.0127194916
    0.0130046153
    0.0133059039
    0.0136511863
    0.0140721196
   -0.0043225858
   -0.0022221051
   -0.0002956668
    0.0014634326
    0.0030627292
    0.0045100255
    0.0058131207
    0.0069797565
    0.0080176459
    0.0089345569
    0.0097384996
    0.0104378596
    0.0110416717
    0.0115598122
    0.0120032842
    0.0123845565
    0.0127179327
    0.0130199547
    0.0133099475
    0.0136105186
    0.0139481899
    0.0143539467
    0.0148635617
   -0.0034883002
   -0.0014625385
    0.0003939446
    0.0020886661
    0.0036294856
    0.0050242545
    0.0062806857
    0.0074063245
    0.0084086462
    0.0092951532
    0.0100735769
    0.0107520203
    0.0113392020
    0.0118446606
    0.0122790642
    0.0126545024
    0.0129848823
    0.0132863520
    0.0135778362
    0.0138816114
    0.0142240239
    0.0146361512
    0.0151544680
   -0.0030886343
   -0.0010997108
    0.0007226251
    0.0023861779
    0.0038988978
    0.0052686225
    0.0065029669
    0.0076093598
    0.0085951116
    0.0094675942
    0.0102343496
    0.0109033016
    0.0114829762
    0.0119827100
    0.0124129320
    0.0127854956
    0.0131140269
    0.0134143874
    0.0137051712
    0.0140083464
    0.0143499473
    0.0147608226
    0.0152774256
   -0.0038616945
   -0.0018113744
    0.0000698018
    0.0017895458
    0.0033558233
    0.0047765376
    0.0060593832
    0.0072118050
    0.0082411205
    0.0091546061
    0.0099596714
    0.0106640079
    0.0112758271
    0.0118040486
    0.0122585685
    0.0126505776
    0.0129928736
    0.0133002690
    0.0135901140
    0.0138828277
    0.0142025733
    0.0145779905
    0.0150429213
   -0.0044672181
   -0.0023669118
   -0.0004385985
    0.0013251447
    0.0029322222
    0.0043905607
    0.0057079068
    0.0068918115
    0.0079496635
    0.0088887821
    0.0097166241
    0.0104408957
    0.0110697881
    0.0116121895
    0.0120779254
    0.0124780610
    0.0128252338
    0.0131340611
    0.0134215581
    0.0137077392
    0.0140161470
    0.0143745639
    0.0148155981
   -0.0034929175
   -0.0014678727
    0.0003864524
    0.0020775613
    0.0036133055
    0.0050015244
    0.0062499163
    0.0073660394
    0.0083573919
    0.0092315533
    0.0099963235
    0.0106599579
    0.0112313570
    0.0117203103
    0.0121378034
    0.0124963158
    0.0128102004
    0.0130961123
    0.0133734576
    0.0136649660
    0.0139971370
    0.0144006666
   -0.0038649113
   -0.0018028889
    0.0000841111
    0.0018030380
    0.0033614768
    0.0047672262
    0.0060280634
    0.0071517210
    0.0081459503
    0.0090186526
    0.0097780475
    0.0104328650
    0.0109925837
    0.0114676999
    0.0118699804
    0.0122128397
    0.0125116702
    0.0127842238
    0.0130510572
    0.0133358229
    0.0136655140
    0.0140702692
   -0.0042524503
   -0.0021491886
   -0.0002261594
    0.0015225574
    0.0031040429
    0.0045259065
    0.0057959869
    0.0069222204
    0.0079127326
    0.0087759064
    0.0095205671
    0.0101562250
    0.0106932571
    0.0111432357
    0.0115191805
    0.0118358811
    0.0121102066
    0.0123613833
    0.0126111388
    0.0128836338
    0.0132048134
   -0.0033384373
   -0.0013021289
    0.0005502028
    0.0022240314
    0.0037262173
    0.0050643561
    0.0062464858
    0.0072810395
    0.0081768869
    0.0089434686
    0.0095910204
    0.0101307777
    0.0105752393
    0.0109384408
    0.0112361403
    0.0114860225
    0.0117076402
    0.0119220826
    0.0121510440
    0.0124147331
   -0.0042121583
   -0.0020868820
   -0.0001541430
    0.0015886155
    0.0031466852
    0.0045269687
    0.0057374173
    0.0067867738
    0.0076845588
    0.0084411543
    0.0090679671
    0.0095776168
    0.0099841352
    0.0103030583
    0.0105514265
    0.0107474406
    0.0109096196
    0.0110551116
    0.0111964362
   -0.0035216868
   -0.0014430963
    0.0004330913
    0.0021077170
    0.0035852582
    0.0048725445
    0.0059780930
    0.0069117774
    0.0076847825
    0.0083096156
    0.0088001613
    0.0091716780
    0.0094404945
    0.0096233908
    0.0097361525
    0.0097909935
    0.0097921300
   -0.0023848512
   -0.0004044084
    0.0013568193
    0.0028985760
    0.0042253263
    0.0053447770
    0.0062671004
    0.0070045065
    0.0075709238
    0.0079816385
    0.0082524737
    0.0083983718
    0.0084306816
    0.0083526642
    0.0081525119
   -0.0019620036
   -0.0000209956
    0.0016741025
    0.0031193767
    0.0043181358
    0.0052786667
    0.0060127854
    0.0065345652
    0.0068586829
    0.0069978323
    0.0069583476
    0.0067334062
   -0.0014039665
    0.0004600169
    0.0020303838
    0.0032982366
    0.0042654553
    0.0049404473
    0.0053339863
    0.0054538840
    0.0052970989
   -0.0020453801
   -0.0001056799
    0.0014670442
    0.0026398074
    0.0034003510
    0.0037444538
    0.0036617534
   -0.0012633378
    0.0004226640
    0.0015125254
    0.0019317962
