   27.8706    2.2911   27.1766   12.2114   28.4958
   55.8706    9.4349   25.8956   11.8117   19.8433
   83.8706   13.3691   37.8649   11.8117   31.1103
  111.8706   14.3030   38.4252   21.5426   31.7543
  139.8706    8.4029   44.3363   22.2560   43.0983
  167.8706    2.0110   49.3983   17.4140   54.7546
  191.8706    0.0000   48.2836   43.8035   55.7467
  219.8706   12.5545   60.3374   21.4409   58.5667
  247.8706   19.1900   51.5425   21.3123   42.5309
  275.8706   21.9128   32.5350   20.2890   38.0313
  303.8706   19.9392    0.0000    6.9640    0.0000
  331.8706   11.2234   13.7346    0.0000   28.4441
  359.8706    1.8436   37.7970   12.2114   44.3687
