    4.2144    2.2922    2.6186    0.8777    7.2988
   32.2144    1.9919    0.6204    7.9527    0.0000
   60.2144    0.0000   13.4996   17.1146   19.0003
   88.2144    0.6090   34.9886   20.3049   41.1321
  116.2144    1.6368   33.9659   22.2210   40.1458
  144.2144    3.6570   22.7560   27.1498   24.2904
  172.2144    5.5602   14.5788    7.7465   16.1752
  200.2144    5.2737   13.6609    3.1990   14.7438
  228.2144    2.9920   24.2623   20.4714   27.6618
  256.2144    1.2409   33.5859   17.6880   39.5082
  284.2144    0.1256   24.2564   21.7582   30.0216
  312.2144    1.1593   11.8072    9.4391   14.3102
  340.2144    1.3979    0.0000    0.0000    0.4333
