    2.5303    5.6909   19.9942   20.6343   18.7955
   30.5303    4.6791   25.6178    3.0690   21.7745
   58.5303    2.0335   15.8167   13.2880   15.4201
   86.5303    1.3939   20.4647   18.6620   22.8715
  114.5303    1.6183   27.5887   37.7357   28.3588
  142.5303    3.3448   21.6116   20.7842   18.4712
  170.5303    5.9749   25.9786   20.4732   24.1667
  198.5303    2.1179    3.3572   34.7486    3.4026
  226.5303    0.0000    0.0000    0.0000    0.0000
  254.5303    0.2901    6.0946   21.3919    8.9987
  282.5303    0.9248   19.7555   21.7232   22.3514
  310.5303    1.3641   16.4238   13.2654   15.3483
  334.5303    2.8108   16.8443   16.3682   15.3624
