    6.3153   14.6716    0.0000    0.0000    0.0000
   34.3153   12.2593   10.2671   17.7483   11.5772
   90.3153    1.3310   25.4408   20.1531   30.8711
  118.3153    1.1612   17.1294    5.1039   22.7431
  146.3153    2.0114    1.4609    6.5796    3.5899
  170.3153    3.4411   12.9426    1.4358   17.2391
  198.3153    3.9715   20.7595   36.6126   22.1759
  226.3153    0.3194   25.6745   25.9491   31.4662
  254.3153    0.0000   23.1487   28.2940   30.0308
  282.3153    8.4616   12.7450   10.8934   23.2592
  310.3153    6.1063   10.8276    0.6853   13.0798
