   27.2348   30.5782   20.6500   23.6900    5.9891
   55.2348   22.0445   18.1211   23.6900   19.0436
   83.2348   20.0561   14.7797    6.2739   12.1496
  111.2348    0.0000   16.9231   25.1359   21.1218
  139.2348    0.6900   12.8700    3.6441   10.6244
  163.2348    3.2960   16.7371   11.7564   15.2592
  191.2348   11.3355    5.8928   26.5419    3.8591
  219.2348    8.7278    0.0000    8.2268    0.0000
  247.2348    9.2417    6.0804    6.2347    8.6673
  275.2348    2.1785   21.9055   13.0277   24.5890
  303.2348    5.1051   31.0378    0.0000   33.2014
  331.2348   15.0038   34.9391   32.8367   22.4379
  359.2348   36.7099   37.7703   32.8367   21.2965
