    4.6091    4.0266  129.3137  158.5018  161.7720
   34.6091    2.2126   75.0553  159.0676   76.0061
   64.6091    2.2185   61.9415  159.0699   69.3277
   94.6091    3.0654  130.6678  165.5736  161.5693
  124.6091    3.4207   25.2626  157.6819   21.5197
  154.6091    3.4553   76.0082  157.8557   87.5582
  184.6091    4.2984   62.5828  157.2344   90.4125
  214.6091    1.8679    5.6644    0.0000    3.0582
  244.6091    1.5690   34.0459  153.8113   41.3085
  274.6091    1.3329   50.4259  153.5865   80.5906
  304.6091    0.0000    0.0000  178.0918    0.0000
  334.6091    4.4007   65.8111  150.7639   75.8378
