   25.7642    3.4848   92.7446   67.1081   72.4140
   55.7642    1.2593   75.5813   10.9867   37.4191
   85.7642    2.4806   53.6467   24.4966   16.2522
  115.7642    3.8268   94.4032   50.7723   84.9939
  145.7642    2.3848   50.6862   24.5952    0.0000
  175.7642    2.1165  107.1886   41.1842  106.4824
  205.7642    5.5034   88.8380   95.7449   65.0665
  235.7642    4.6684   66.7188   20.9921   69.8508
  265.7642    1.6992    9.5041   33.1974    0.2599
  295.7642    0.0000    0.0000    0.0000    2.3014
  325.7642    2.5415   23.8484   10.4852   14.7826
  355.7642    9.3158  132.0107   76.9916  124.5052
