    7.2537    3.4739   20.6878   71.1075   16.7141
   37.2537    4.6564   53.4504   73.4259   58.3833
   67.2537    1.1803   29.5273   41.4214   37.6497
   97.2537    0.0000   14.9409   25.8243   17.7038
  127.2537    2.9858   39.0326   50.0540   47.6346
  157.2537    0.7008   16.1279   68.0551   13.1080
  187.2537    3.1311   25.6273   71.4891   20.9495
  217.2537    7.8665   61.5737   73.9303   64.7013
  247.2537    3.0750   20.3343   40.6832   26.1548
  277.2537    1.1536    0.0000    0.0000    2.4502
  307.2537    3.7983   31.8975   51.4686   40.1801
  337.2537    2.5720    7.1720   70.5328    0.0000
