    5.5262    0.3078   15.7842    3.8543   26.3009
   35.5262    2.4854    9.7104    0.0000   17.8908
   65.5262    8.9425    6.1816    6.3366    8.1384
   95.5262   10.5100    0.0000    3.8543    0.0000
  125.5262    4.6298    0.8578   21.0889    6.1284
  155.5262    2.7835   24.8105   10.4785   32.6904
  185.5262    0.0000   19.2149    3.0771   30.3258
  245.5262    9.4357   10.7386    3.0771   12.2472
  275.5262   12.6269   11.6565   10.4785   10.1436
  305.5262    7.9862   13.1572   16.9572   15.9683
